product,itemCount,running_total
core.chargeable.exchange,2,2
core.chargeable.advancemailsec,2,4
core.chargeable.owa,2,6
core.chargeable.advancemailsec,2,8
core.chargeable.exchange,1,9
core.chargeable.advancemailsec,1,10
core.chargeable.exchange,1,11
core.chargeable.advancemailsec,1,12
core.chargeable.exchange,3,15
core.chargeable.advancemailsec,3,18
core.chargeable.exchange,3,21
core.chargeable.advancemailsec,3,24
core.chargeable.exchange,1,25
core.chargeable.advancemailsec,1,26
core.chargeable.exchange,3,29
core.chargeable.advancemailsec,3,32
core.chargeable.exchange,5,37
core.chargeable.advancemailsec,5,42
core.chargeable.exchange,98,140
core.chargeable.advancemailsec,98,238
core.chargeable.outlook,1,239
core.chargeable.exchange,1,240
core.chargeable.advancemailsec,1,241
core.chargeable.exchange,1,242
core.chargeable.advancemailsec,1,243
core.chargeable.exchange,2,245
core.chargeable.advancemailsec,2,247
core.chargeable.exchange,1,248
core.chargeable.advancemailsec,1,249
core.chargeable.exchange,3,252
core.chargeable.advancemailsec,3,255
core.chargeable.exchange,49,304
core.chargeable.advancemailsec,49,353
core.chargeable.outlook,1,354
core.chargeable.exchange,1,355
core.chargeable.advancemailsec,1,356
core.chargeable.exchange,1,357
core.chargeable.advancemailsec,1,358
core.chargeable.exchange,4,362
core.chargeable.advancemailsec,4,366
core.chargeable.exchange,1,367
core.chargeable.advancemailsec,1,368
core.chargeable.exchange,3,371
core.chargeable.advancemailsec,3,374
core.chargeable.exchange,2,376
core.chargeable.advancemailsec,2,378
core.chargeable.outlook,1,379
core.chargeable.exchange,1,380
core.chargeable.advancemailsec,1,381
core.chargeable.exchange,4,385
core.chargeable.advancemailsec,4,389
core.chargeable.exchange,1,390
core.chargeable.advancemailsec,1,391
core.chargeable.exchange,1,392
core.chargeable.advancemailsec,1,393
core.chargeable.exchange,3,396
core.chargeable.advancemailsec,3,399
core.chargeable.exchange,5,404
core.chargeable.advancemailsec,5,409
core.chargeable.exchange,5,414
core.chargeable.advancemailsec,5,419
core.chargeable.exchange,1,420
core.chargeable.advancemailsec,1,421
core.chargeable.exchange,1,422
core.chargeable.advancemailsec,1,423
core.chargeable.exchange,3,426
core.chargeable.advancemailsec,3,429
core.chargeable.exchange,3,432
core.chargeable.advancemailsec,3,435
core.chargeable.exchange,3,438
core.chargeable.advancemailsec,3,441
core.chargeable.exchange,1,442
core.chargeable.advancemailsec,1,443
core.chargeable.exchange,1,444
core.chargeable.advancemailsec,1,445
core.chargeable.exchange,1,446
core.chargeable.sp1gb,1,447
core.chargeable.advancemailsec,1,448
core.chargeable.exchange,1,449
core.chargeable.sp1gb,1,450
core.chargeable.advancemailsec,1,451
core.chargeable.exchange,3,454
core.chargeable.sp1gb,1,455
core.chargeable.advancemailsec,3,458
core.chargeable.exchange,5,463
core.chargeable.sp1gb,1,464
core.chargeable.advancemailsec,5,469
core.chargeable.encrygateway,1,470
core.chargeable.exchange,1,471
core.chargeable.sp1gb,1,472
core.chargeable.advancemailsec,1,473
core.chargeable.exchange,3,476
core.chargeable.sp1gb,1,477
core.chargeable.advancemailsec,3,480
core.chargeable.exchange,1,481
core.chargeable.sp1gb,1,482
core.chargeable.advancemailsec,1,483
core.chargeable.exchange,2,485
core.chargeable.sp1gb,1,486
core.chargeable.advancemailsec,2,488
core.chargeable.outlook,1,489
core.chargeable.exchange,1,490
core.chargeable.sp1gb,1,491
core.chargeable.advancemailsec,1,492
core.chargeable.exchange,5,497
core.chargeable.sp1gb,1,498
core.chargeable.advancemailsec,5,503
core.chargeable.exchange,9,512
core.chargeable.sp1gb,1,513
core.chargeable.advancemailsec,9,522
core.chargeable.exchange,3,525
core.chargeable.sp1gb,1,526
core.chargeable.advancemailsec,3,529
core.chargeable.exchange,6,535
core.chargeable.sp1gb,1,536
core.chargeable.advancemailsec,6,542
core.chargeable.exchange,4,546
core.chargeable.sp1gb,1,547
core.chargeable.advancemailsec,4,551
core.chargeable.exchange,15,566
core.chargeable.sp1gb,1,567
core.chargeable.advancemailsec,15,582
core.chargeable.exchange,8,590
core.chargeable.sp1gb,1,591
core.chargeable.advancemailsec,8,599
core.chargeable.exchange,1,600
core.chargeable.sp1gb,1,601
core.chargeable.advancemailsec,1,602
core.chargeable.exchange,133,735
core.chargeable.resource,2,737
core.chargeable.sp1gb,1,738
core.chargeable.advancemailsec,133,871
core.chargeable.exchange,1,872
core.chargeable.sp1gb,1,873
core.chargeable.advancemailsec,1,874
core.chargeable.exchange,3,877
core.chargeable.sp1gb,1,878
core.chargeable.advancemailsec,3,881
core.chargeable.exchange,16,897
core.chargeable.sp1gb,1,898
core.chargeable.advancemailsec,16,914
core.chargeable.exchange,9,923
core.chargeable.sp1gb,1,924
core.chargeable.advancemailsec,9,933
core.chargeable.exchange,6,939
core.chargeable.sp1gb,1,940
core.chargeable.advancemailsec,6,946
core.chargeable.exchange,3,949
core.chargeable.sp1gb,1,950
core.chargeable.advancemailsec,3,953
core.chargeable.exchange,1,954
core.chargeable.sp1gb,1,955
core.chargeable.advancemailsec,1,956
core.chargeable.exchange,1,957
core.chargeable.sp1gb,1,958
core.chargeable.advancemailsec,1,959
core.chargeable.exchange,1,960
core.chargeable.sp1gb,1,961
core.chargeable.advancemailsec,1,962
core.chargeable.exchange,1,963
core.chargeable.sp1gb,1,964
core.chargeable.advancemailsec,1,965
core.chargeable.exchange,1,966
core.chargeable.sp1gb,1,967
core.chargeable.advancemailsec,1,968
core.chargeable.exchange,24,992
core.chargeable.sp1gb,1,993
core.chargeable.advancemailsec,24,1017
core.chargeable.exchange,7,1024
core.chargeable.sp1gb,1,1025
core.chargeable.advancemailsec,7,1032
core.chargeable.exchange,2,1034
core.chargeable.sp1gb,1,1035
core.chargeable.advancemailsec,2,1037
core.chargeable.exchange,2,1039
core.chargeable.sp1gb,1,1040
core.chargeable.advancemailsec,2,1042
core.chargeable.exchange,1,1043
core.chargeable.sp1gb,1,1044
core.chargeable.advancemailsec,1,1045
core.chargeable.exchange,4,1049
core.chargeable.sp1gb,1,1050
core.chargeable.advancemailsec,4,1054
core.chargeable.exchange,3,1057
core.chargeable.sp1gb,1,1058
core.chargeable.advancemailsec,3,1061
core.chargeable.exchange,1,1062
core.chargeable.sp1gb,1,1063
core.chargeable.advancemailsec,1,1064
core.chargeable.encrygateway,15,1079
core.chargeable.exchange,15,1094
core.chargeable.sp1gb,1,1095
core.chargeable.advancemailsec,15,1110
core.chargeable.exchange,13,1123
core.chargeable.advancemailsec,13,1136
core.chargeable.exchange,8,1144
core.chargeable.advancemailsec,8,1152
core.chargeable.exchange,1,1153
core.chargeable.sp1gb,1,1154
core.chargeable.advancemailsec,1,1155
core.chargeable.exchange,2,1157
core.chargeable.owa,2,1159
core.chargeable.activesync,2,1161
core.chargeable.sp1gb,1,1162
core.chargeable.advancemailsec,4,1166
core.chargeable.exchange,2,1168
core.chargeable.sp1gb,1,1169
core.chargeable.advancemailsec,2,1171
core.chargeable.exchange,1,1172
core.chargeable.sp1gb,1,1173
core.chargeable.advancemailsec,1,1174
core.chargeable.exchange,3,1177
core.chargeable.sp1gb,1,1178
core.chargeable.advancemailsec,3,1181
core.chargeable.exchange,1,1182
core.chargeable.advancemailsec,1,1183
core.chargeable.exchange,11,1194
core.chargeable.sp1gb,1,1195
core.chargeable.advancemailsec,11,1206
core.chargeable.exchange,1,1207
core.chargeable.sp1gb,1,1208
core.chargeable.advancemailsec,1,1209
core.chargeable.exchange,2,1211
core.chargeable.sp1gb,1,1212
core.chargeable.advancemailsec,2,1214
core.chargeable.exchange,10,1224
core.chargeable.sp1gb,1,1225
core.chargeable.advancemailsec,10,1235
core.chargeable.exchange,5,1240
core.chargeable.sp1gb,1,1241
core.chargeable.advancemailsec,5,1246
core.chargeable.exchange,4,1250
core.chargeable.sp1gb,1,1251
core.chargeable.advancemailsec,4,1255
core.chargeable.exchange,2,1257
core.chargeable.sp1gb,1,1258
core.chargeable.advancemailsec,2,1260
core.chargeable.exchange,1,1261
core.chargeable.sp1gb,1,1262
core.chargeable.advancemailsec,1,1263
core.chargeable.exchange,1,1264
core.chargeable.sp1gb,1,1265
core.chargeable.advancemailsec,1,1266
core.chargeable.exchange,1,1267
core.chargeable.sp1gb,1,1268
core.chargeable.advancemailsec,1,1269
core.chargeable.exchange,2,1271
core.chargeable.sp1gb,1,1272
core.chargeable.advancemailsec,2,1274
core.chargeable.exchange,2,1276
core.chargeable.sp1gb,1,1277
core.chargeable.advancemailsec,2,1279
core.chargeable.exchange,1,1280
core.chargeable.sp1gb,1,1281
core.chargeable.advancemailsec,1,1282
core.chargeable.exchange,4,1286
core.chargeable.sp1gb,1,1287
core.chargeable.advancemailsec,4,1291
core.chargeable.exchange,3,1294
core.chargeable.sp1gb,1,1295
core.chargeable.advancemailsec,3,1298
core.chargeable.exchange,1,1299
core.chargeable.sp1gb,1,1300
core.chargeable.advancemailsec,1,1301
core.chargeable.exchange,1,1302
core.chargeable.sp1gb,1,1303
core.chargeable.advancemailsec,1,1304
core.chargeable.exchange,6,1310
core.chargeable.sp1gb,1,1311
core.chargeable.advancemailsec,6,1317
core.chargeable.exchange,12,1329
core.chargeable.sp1gb,1,1330
core.chargeable.advancemailsec,12,1342
core.chargeable.exchange,2,1344
core.chargeable.sp1gb,1,1345
core.chargeable.advancemailsec,2,1347
core.chargeable.exchange,1,1348
core.chargeable.sp1gb,1,1349
core.chargeable.advancemailsec,1,1350
core.chargeable.exchange,4,1354
core.chargeable.sp1gb,1,1355
core.chargeable.advancemailsec,4,1359
core.chargeable.exchange,5,1364
core.chargeable.sp1gb,1,1365
core.chargeable.advancemailsec,5,1370
core.chargeable.exchange,1,1371
core.chargeable.sp1gb,1,1372
core.chargeable.advancemailsec,1,1373
core.chargeable.exchange,1,1374
core.chargeable.sp1gb,1,1375
core.chargeable.advancemailsec,1,1376
core.chargeable.exchange,1,1377
core.chargeable.sp1gb,1,1378
core.chargeable.advancemailsec,1,1379
core.chargeable.exchange,6,1385
core.chargeable.sp1gb,1,1386
core.chargeable.advancemailsec,6,1392
core.chargeable.exchange,2,1394
core.chargeable.sp1gb,1,1395
core.chargeable.advancemailsec,2,1397
core.chargeable.exchange,14,1411
core.chargeable.sp1gb,1,1412
core.chargeable.advancemailsec,14,1426
core.chargeable.exchange,4,1430
core.chargeable.sp1gb,1,1431
core.chargeable.advancemailsec,4,1435
core.chargeable.exchange,2,1437
core.chargeable.sp1gb,1,1438
core.chargeable.advancemailsec,2,1440
core.chargeable.exchange,1,1441
core.chargeable.sp1gb,1,1442
core.chargeable.advancemailsec,1,1443
core.chargeable.exchange,2,1445
core.chargeable.sp1gb,1,1446
core.chargeable.advancemailsec,2,1448
core.chargeable.exchange,4,1452
core.chargeable.sp1gb,1,1453
core.chargeable.advancemailsec,4,1457
core.chargeable.exchange,1,1458
core.chargeable.sp1gb,1,1459
core.chargeable.advancemailsec,1,1460
core.chargeable.exchange,11,1471
core.chargeable.advancemailsec,11,1482
core.chargeable.exchange,2,1484
core.chargeable.sp1gb,1,1485
core.chargeable.advancemailsec,2,1487
core.chargeable.exchange,2,1489
core.chargeable.sp1gb,1,1490
core.chargeable.advancemailsec,2,1492
core.chargeable.exchange,5,1497
core.chargeable.sp1gb,1,1498
core.chargeable.advancemailsec,5,1503
core.chargeable.exchange,9,1512
core.chargeable.sp1gb,1,1513
core.chargeable.advancemailsec,9,1522
core.chargeable.exchange,16,1538
core.chargeable.sp1gb,1,1539
core.chargeable.advancemailsec,16,1555
core.chargeable.exchange,7,1562
core.chargeable.sp1gb,1,1563
core.chargeable.advancemailsec,7,1570
core.chargeable.encrygateway,1,1571
core.chargeable.exchange,1,1572
core.chargeable.sp1gb,1,1573
core.chargeable.advancemailsec,1,1574
core.chargeable.exchange,2,1576
core.chargeable.sp1gb,1,1577
core.chargeable.advancemailsec,2,1579
core.chargeable.exchange,6,1585
core.chargeable.sp1gb,1,1586
core.chargeable.advancemailsec,6,1592
core.chargeable.exchange,1,1593
core.chargeable.sp1gb,1,1594
core.chargeable.advancemailsec,1,1595
core.chargeable.exchange,2,1597
core.chargeable.sp1gb,1,1598
core.chargeable.advancemailsec,2,1600
core.chargeable.exchange,9,1609
core.chargeable.sp1gb,1,1610
core.chargeable.advancemailsec,9,1619
core.chargeable.exchange,6,1625
core.chargeable.sp1gb,1,1626
core.chargeable.advancemailsec,6,1632
core.chargeable.exchange,2,1634
core.chargeable.sp1gb,1,1635
core.chargeable.advancemailsec,2,1637
core.chargeable.exchange,1,1638
core.chargeable.sp1gb,1,1639
core.chargeable.advancemailsec,1,1640
core.chargeable.exchange,1,1641
core.chargeable.sp1gb,1,1642
core.chargeable.advancemailsec,1,1643
core.chargeable.exchange,13,1656
core.chargeable.sp1gb,1,1657
core.chargeable.advancemailsec,13,1670
core.chargeable.exchange,1,1671
core.chargeable.sp1gb,1,1672
core.chargeable.advancemailsec,1,1673
core.chargeable.exchange,7,1680
core.chargeable.sp1gb,1,1681
core.chargeable.advancemailsec,7,1688
core.chargeable.exchange,3,1691
core.chargeable.sp1gb,1,1692
core.chargeable.advancemailsec,3,1695
core.chargeable.exchange,7,1702
core.chargeable.sp1gb,1,1703
core.chargeable.advancemailsec,7,1710
core.chargeable.exchange,16,1726
core.chargeable.sp1gb,1,1727
core.chargeable.advancemailsec,16,1743
core.chargeable.exchange,5,1748
core.chargeable.sp1gb,1,1749
core.chargeable.advancemailsec,5,1754
core.chargeable.exchange,2,1756
core.chargeable.sp1gb,1,1757
core.chargeable.advancemailsec,2,1759
core.chargeable.exchange,5,1764
core.chargeable.sp1gb,1,1765
core.chargeable.advancemailsec,5,1770
core.chargeable.exchange,2,1772
core.chargeable.sp1gb,1,1773
core.chargeable.advancemailsec,2,1775
core.chargeable.exchange,5,1780
core.chargeable.sp1gb,1,1781
core.chargeable.advancemailsec,5,1786
core.chargeable.exchange,5,1791
core.chargeable.sp1gb,1,1792
core.chargeable.advancemailsec,5,1797
core.chargeable.exchange,5,1802
core.chargeable.sp1gb,1,1803
core.chargeable.advancemailsec,5,1808
core.chargeable.exchange,1,1809
core.chargeable.sp1gb,1,1810
core.chargeable.advancemailsec,1,1811
core.chargeable.exchange,3,1814
core.chargeable.sp1gb,1,1815
core.chargeable.advancemailsec,3,1818
core.chargeable.exchange,12,1830
core.chargeable.sp1gb,1,1831
core.chargeable.advancemailsec,12,1843
core.chargeable.exchange,2,1845
core.chargeable.sp1gb,1,1846
core.chargeable.advancemailsec,2,1848
core.chargeable.exchange,1,1849
core.chargeable.sp1gb,1,1850
core.chargeable.advancemailsec,1,1851
core.chargeable.exchange,3,1854
core.chargeable.sp1gb,1,1855
core.chargeable.advancemailsec,3,1858
core.chargeable.exchange,2,1860
core.chargeable.sp1gb,1,1861
core.chargeable.advancemailsec,2,1863
core.chargeable.exchange,7,1870
core.chargeable.sp1gb,1,1871
core.chargeable.advancemailsec,7,1878
core.chargeable.exchange,2,1880
core.chargeable.sp1gb,1,1881
core.chargeable.advancemailsec,2,1883
core.chargeable.exchange,4,1887
core.chargeable.sp1gb,1,1888
core.chargeable.advancemailsec,4,1892
core.chargeable.exchange,3,1895
core.chargeable.sp1gb,1,1896
core.chargeable.advancemailsec,3,1899
core.chargeable.exchange,2,1901
core.chargeable.sp1gb,1,1902
core.chargeable.advancemailsec,2,1904
core.chargeable.exchange,2,1906
core.chargeable.sp1gb,1,1907
core.chargeable.advancemailsec,2,1909
core.chargeable.exchange,1,1910
core.chargeable.sp1gb,1,1911
core.chargeable.advancemailsec,1,1912
core.chargeable.exchange,4,1916
core.chargeable.sp1gb,1,1917
core.chargeable.advancemailsec,4,1921
core.chargeable.encrygateway,1,1922
core.chargeable.exchange,1,1923
core.chargeable.sp1gb,1,1924
core.chargeable.advancemailsec,1,1925
core.chargeable.exchange,2,1927
core.chargeable.sp1gb,1,1928
core.chargeable.advancemailsec,2,1930
core.chargeable.exchange,14,1944
core.chargeable.advancemailsec,14,1958
core.chargeable.exchange,1,1959
core.chargeable.sp1gb,1,1960
core.chargeable.advancemailsec,1,1961
core.chargeable.exchange,2,1963
core.chargeable.sp1gb,1,1964
core.chargeable.advancemailsec,2,1966
core.chargeable.exchange,1,1967
core.chargeable.advancemailsec,1,1968
core.chargeable.exchange,1,1969
core.chargeable.sp1gb,1,1970
core.chargeable.advancemailsec,1,1971
core.chargeable.exchange,1,1972
core.chargeable.sp1gb,1,1973
core.chargeable.advancemailsec,1,1974
core.chargeable.exchange,2,1976
core.chargeable.sp1gb,1,1977
core.chargeable.advancemailsec,2,1979
core.chargeable.exchange,1,1980
core.chargeable.sp1gb,1,1981
core.chargeable.advancemailsec,1,1982
core.chargeable.exchange,10,1992
core.chargeable.advancemailsec,10,2002
core.chargeable.exchange,1,2003
core.chargeable.sp1gb,1,2004
core.chargeable.advancemailsec,1,2005
core.chargeable.exchange,5,2010
core.chargeable.sp1gb,1,2011
core.chargeable.advancemailsec,5,2016
core.chargeable.exchange,2,2018
core.chargeable.sp1gb,1,2019
core.chargeable.advancemailsec,2,2021
core.chargeable.exchange,14,2035
core.chargeable.sp1gb,1,2036
core.chargeable.advancemailsec,14,2050
core.chargeable.exchange,10,2060
core.chargeable.sp1gb,1,2061
core.chargeable.advancemailsec,10,2071
core.chargeable.addspspace,12000,14071
core.chargeable.exchange,1,14072
core.chargeable.advancemailsec,1,14073
core.chargeable.encrygateway,15,14088
core.chargeable.exchange,15,14103
core.chargeable.sp1gb,1,14104
core.chargeable.advancemailsec,15,14119
core.chargeable.exchange,1,14120
core.chargeable.sp1gb,1,14121
core.chargeable.advancemailsec,1,14122
core.chargeable.exchange,2,14124
core.chargeable.sp1gb,1,14125
core.chargeable.advancemailsec,2,14127
core.chargeable.exchange,16,14143
core.chargeable.sp1gb,1,14144
core.chargeable.archivemailbox,16,14160
core.chargeable.advancemailsec,16,14176
core.chargeable.exchange,1,14177
core.chargeable.advancemailsec,1,14178
core.chargeable.exchange,3,14181
core.chargeable.advancemailsec,3,14184
core.chargeable.exchange,7,14191
core.chargeable.sp1gb,1,14192
core.chargeable.advancemailsec,7,14199
core.chargeable.exchange,2,14201
core.chargeable.sp1gb,1,14202
core.chargeable.advancemailsec,2,14204
core.chargeable.exchange,6,14210
core.chargeable.sp1gb,1,14211
core.chargeable.advancemailsec,6,14217
core.chargeable.exchange,1,14218
core.chargeable.sp1gb,1,14219
core.chargeable.advancemailsec,1,14220
core.chargeable.exchange,1,14221
core.chargeable.sp1gb,1,14222
core.chargeable.advancemailsec,1,14223
core.chargeable.exchange,7,14230
core.chargeable.advancemailsec,7,14237
core.chargeable.exchange,2,14239
core.chargeable.sp1gb,1,14240
core.chargeable.advancemailsec,2,14242
core.chargeable.exchange,1,14243
core.chargeable.sp1gb,1,14244
core.chargeable.advancemailsec,1,14245
core.chargeable.exchange,1,14246
core.chargeable.advancemailsec,1,14247
core.chargeable.exchange,1,14248
core.chargeable.sp1gb,1,14249
core.chargeable.advancemailsec,1,14250
core.chargeable.exchange,9,14259
core.chargeable.sp1gb,1,14260
core.chargeable.advancemailsec,9,14269
core.chargeable.exchange,2,14271
core.chargeable.sp1gb,1,14272
core.chargeable.advancemailsec,2,14274
core.chargeable.exchange,2,14276
core.chargeable.sp1gb,1,14277
core.chargeable.advancemailsec,2,14279
core.chargeable.exchange,3,14282
core.chargeable.sp1gb,1,14283
core.chargeable.advancemailsec,3,14286
core.chargeable.exchange,3,14289
core.chargeable.sp1gb,1,14290
core.chargeable.advancemailsec,3,14293
core.chargeable.exchange,2,14295
core.chargeable.sp1gb,1,14296
core.chargeable.advancemailsec,2,14298
core.chargeable.exchange,7,14305
core.chargeable.sp1gb,1,14306
core.chargeable.advancemailsec,7,14313
core.chargeable.exchange,9,14322
core.chargeable.sp1gb,1,14323
core.chargeable.advancemailsec,9,14332
core.chargeable.exchange,3,14335
core.chargeable.sp1gb,1,14336
core.chargeable.advancemailsec,3,14339
core.chargeable.encrymsg,1,14340
core.chargeable.exchange,1,14341
core.chargeable.sp1gb,1,14342
core.chargeable.advancemailsec,1,14343
core.chargeable.exchange,1,14344
core.chargeable.sp1gb,1,14345
core.chargeable.advancemailsec,1,14346
core.chargeable.exchange,7,14353
core.chargeable.sp1gb,1,14354
core.chargeable.advancemailsec,7,14361
core.chargeable.exchange,1,14362
core.chargeable.sp1gb,1,14363
core.chargeable.advancemailsec,1,14364
core.chargeable.exchange,2,14366
core.chargeable.sp1gb,1,14367
core.chargeable.advancemailsec,2,14369
core.chargeable.encrygateway,10,14379
core.chargeable.exchange,10,14389
core.chargeable.sp1gb,1,14390
core.chargeable.advancemailsec,10,14400
core.chargeable.exchange,8,14408
core.chargeable.sp1gb,1,14409
core.chargeable.advancemailsec,8,14417
core.chargeable.exchange,2,14419
core.chargeable.sp1gb,1,14420
core.chargeable.advancemailsec,2,14422
core.chargeable.exchange,2,14424
core.chargeable.sp1gb,1,14425
core.chargeable.advancemailsec,2,14427
core.chargeable.exchange,2,14429
core.chargeable.sp1gb,1,14430
core.chargeable.advancemailsec,2,14432
core.chargeable.exchange,2,14434
core.chargeable.sp1gb,1,14435
core.chargeable.advancemailsec,2,14437
core.chargeable.exchange,5,14442
core.chargeable.sp1gb,1,14443
core.chargeable.advancemailsec,5,14448
core.chargeable.exchange,56,14504
core.chargeable.sp1gb,1,14505
core.chargeable.advancemailsec,56,14561
core.chargeable.exchange,5,14566
core.chargeable.sp1gb,1,14567
core.chargeable.advancemailsec,5,14572
core.chargeable.exchange,10,14582
core.chargeable.sp1gb,1,14583
core.chargeable.advancemailsec,10,14593
core.chargeable.exchange,25,14618
core.chargeable.sp1gb,1,14619
core.chargeable.advancemailsec,25,14644
core.chargeable.exchange,19,14663
core.chargeable.sp1gb,1,14664
core.chargeable.advancemailsec,19,14683
core.chargeable.exchange,10,14693
core.chargeable.sp1gb,1,14694
core.chargeable.advancemailsec,10,14704
core.chargeable.exchange,3,14707
core.chargeable.sp1gb,1,14708
core.chargeable.advancemailsec,3,14711
core.chargeable.exchange,3,14714
core.chargeable.sp1gb,1,14715
core.chargeable.advancemailsec,3,14718
core.chargeable.exchange,5,14723
core.chargeable.sp1gb,1,14724
core.chargeable.advancemailsec,5,14729
core.chargeable.exchange,52,14781
core.chargeable.owa,1,14782
core.chargeable.activesync,1,14783
core.chargeable.sp1gb,1,14784
core.chargeable.advancemailsec,53,14837
core.chargeable.exchange,16,14853
core.chargeable.sp1gb,1,14854
core.chargeable.advancemailsec,16,14870
core.chargeable.exchange,2,14872
core.chargeable.sp1gb,1,14873
core.chargeable.advancemailsec,2,14875
core.chargeable.exchange,2,14877
core.chargeable.sp1gb,1,14878
core.chargeable.advancemailsec,2,14880
core.chargeable.exchange,2,14882
core.chargeable.sp1gb,1,14883
core.chargeable.advancemailsec,2,14885
core.chargeable.exchange,2,14887
core.chargeable.sp1gb,1,14888
core.chargeable.advancemailsec,2,14890
core.chargeable.exchange,87,14977
core.chargeable.sp1gb,1,14978
core.chargeable.advancemailsec,87,15065
core.chargeable.comdisclaimsvcs,1,15066
core.chargeable.exchange,7,15073
core.chargeable.sp1gb,1,15074
core.chargeable.advancemailsec,7,15081
core.chargeable.exchange,2,15083
core.chargeable.sp1gb,1,15084
core.chargeable.advancemailsec,2,15086
core.chargeable.exchange,9,15095
core.chargeable.sp1gb,1,15096
core.chargeable.advancemailsec,9,15105
core.chargeable.exchange,2,15107
core.chargeable.sp1gb,1,15108
core.chargeable.advancemailsec,2,15110
core.chargeable.exchange,2,15112
core.chargeable.sp1gb,1,15113
core.chargeable.advancemailsec,2,15115
core.chargeable.encrygateway,1,15116
core.chargeable.exchange,1,15117
core.chargeable.sp1gb,1,15118
core.chargeable.advancemailsec,1,15119
core.chargeable.exchange,3,15122
core.chargeable.sp1gb,1,15123
core.chargeable.advancemailsec,3,15126
core.chargeable.exchange,3,15129
core.chargeable.sp1gb,1,15130
core.chargeable.advancemailsec,3,15133
core.chargeable.exchange,1,15134
core.chargeable.sp1gb,1,15135
core.chargeable.advancemailsec,1,15136
core.chargeable.exchange,19,15155
core.chargeable.sp1gb,1,15156
core.chargeable.advancemailsec,19,15175
core.chargeable.encrygateway,9,15184
core.chargeable.exchange,9,15193
core.chargeable.sp1gb,1,15194
core.chargeable.advancemailsec,9,15203
core.chargeable.exchange,2,15205
core.chargeable.sp1gb,1,15206
core.chargeable.advancemailsec,2,15208
core.chargeable.exchange,13,15221
core.chargeable.sp1gb,1,15222
core.chargeable.advancemailsec,13,15235
core.chargeable.exchange,3,15238
core.chargeable.owa,4,15242
core.chargeable.activesync,4,15246
core.chargeable.sp1gb,1,15247
core.chargeable.advancemailsec,7,15254
core.chargeable.encrygateway,4,15258
core.chargeable.exchange,4,15262
core.chargeable.sp1gb,1,15263
core.chargeable.advancemailsec,4,15267
core.chargeable.exchange,4,15271
core.chargeable.sp1gb,1,15272
core.chargeable.advancemailsec,4,15276
core.chargeable.exchange,12,15288
core.chargeable.sp1gb,1,15289
core.chargeable.advancemailsec,12,15301
core.chargeable.exchange,1,15302
core.chargeable.sp1gb,1,15303
core.chargeable.advancemailsec,1,15304
core.chargeable.exchange,2,15306
core.chargeable.advancemailsec,2,15308
core.chargeable.exchange,1,15309
core.chargeable.sp1gb,1,15310
core.chargeable.advancemailsec,1,15311
core.chargeable.exchange,5,15316
core.chargeable.sp1gb,1,15317
core.chargeable.advancemailsec,5,15322
core.chargeable.exchange,22,15344
core.chargeable.sp1gb,1,15345
core.chargeable.advancemailsec,22,15367
core.chargeable.exchange,6,15373
core.chargeable.sp1gb,1,15374
core.chargeable.advancemailsec,6,15380
core.chargeable.exchange,30,15410
core.chargeable.sp1gb,1,15411
core.chargeable.advancemailsec,30,15441
core.chargeable.exchange,1,15442
core.chargeable.sp1gb,1,15443
core.chargeable.advancemailsec,1,15444
core.chargeable.exchange,1,15445
core.chargeable.sp1gb,1,15446
core.chargeable.advancemailsec,1,15447
core.chargeable.exchange,2,15449
core.chargeable.sp1gb,1,15450
core.chargeable.advancemailsec,2,15452
core.chargeable.exchange,1,15453
core.chargeable.sp1gb,1,15454
core.chargeable.advancemailsec,1,15455
core.chargeable.exchange,60,15515
core.chargeable.sp1gb,1,15516
core.chargeable.advancemailsec,60,15576
core.chargeable.exchange,7,15583
core.chargeable.sp1gb,1,15584
core.chargeable.advancemailsec,7,15591
core.chargeable.exchange,6,15597
core.chargeable.sp1gb,1,15598
core.chargeable.advancemailsec,6,15604
core.chargeable.exchange,19,15623
core.chargeable.sp1gb,1,15624
core.chargeable.advancemailsec,19,15643
core.chargeable.exchange,1,15644
core.chargeable.sp1gb,1,15645
core.chargeable.advancemailsec,1,15646
core.chargeable.exchange,1,15647
core.chargeable.sp1gb,1,15648
core.chargeable.advancemailsec,1,15649
core.chargeable.exchange,1,15650
core.chargeable.sp1gb,1,15651
core.chargeable.advancemailsec,1,15652
core.chargeable.exchange,1,15653
core.chargeable.sp1gb,1,15654
core.chargeable.advancemailsec,1,15655
core.chargeable.exchange,1,15656
core.chargeable.sp1gb,1,15657
core.chargeable.advancemailsec,1,15658
core.chargeable.exchange,42,15700
core.chargeable.sp1gb,1,15701
core.chargeable.advancemailsec,42,15743
core.chargeable.encrygateway,2,15745
core.chargeable.exchange,2,15747
core.chargeable.sp1gb,1,15748
core.chargeable.advancemailsec,2,15750
core.chargeable.exchange,1,15751
core.chargeable.sp1gb,1,15752
core.chargeable.advancemailsec,1,15753
core.chargeable.exchange,10,15763
core.chargeable.sp1gb,1,15764
core.chargeable.advancemailsec,10,15774
core.chargeable.exchange,1,15775
core.chargeable.sp1gb,1,15776
core.chargeable.advancemailsec,1,15777
core.chargeable.exchange,1,15778
core.chargeable.sp1gb,1,15779
core.chargeable.advancemailsec,1,15780
core.chargeable.exchange,2,15782
core.chargeable.sp1gb,1,15783
core.chargeable.advancemailsec,2,15785
core.chargeable.exchange,2,15787
core.chargeable.sp1gb,1,15788
core.chargeable.advancemailsec,2,15790
core.chargeable.exchange,10,15800
core.chargeable.sp10gb,1,15801
core.chargeable.advancemailsec,10,15811
core.chargeable.exchange,10,15821
core.chargeable.sp1gb,1,15822
core.chargeable.advancemailsec,10,15832
core.chargeable.exchange,8,15840
core.chargeable.sp1gb,1,15841
core.chargeable.advancemailsec,8,15849
core.chargeable.exchange,15,15864
core.chargeable.sp1gb,1,15865
core.chargeable.advancemailsec,15,15880
core.chargeable.encrygateway,1,15881
core.chargeable.exchange,1,15882
core.chargeable.sp1gb,1,15883
core.chargeable.advancemailsec,1,15884
core.chargeable.exchange,4,15888
core.chargeable.sp1gb,1,15889
core.chargeable.advancemailsec,4,15893
core.chargeable.exchange,3,15896
core.chargeable.sp1gb,1,15897
core.chargeable.advancemailsec,3,15900
core.chargeable.exchange,3,15903
core.chargeable.sp1gb,1,15904
core.chargeable.advancemailsec,3,15907
core.chargeable.outlook,39,15946
core.chargeable.exchange,39,15985
core.chargeable.sp1gb,1,15986
core.chargeable.advancemailsec,39,16025
core.chargeable.exchange,41,16066
core.chargeable.sp1gb,1,16067
core.chargeable.advancemailsec,41,16108
core.chargeable.exchange,3,16111
core.chargeable.sp1gb,1,16112
core.chargeable.advancemailsec,3,16115
core.chargeable.exchange,2,16117
core.chargeable.sp1gb,1,16118
core.chargeable.advancemailsec,2,16120
core.chargeable.exchange,5,16125
core.chargeable.sp1gb,1,16126
core.chargeable.advancemailsec,5,16131
core.chargeable.exchange,13,16144
core.chargeable.sp1gb,1,16145
core.chargeable.advancemailsec,13,16158
core.chargeable.exchange,2,16160
core.chargeable.sp1gb,1,16161
core.chargeable.advancemailsec,2,16163
core.chargeable.exchange,8,16171
core.chargeable.sp1gb,1,16172
core.chargeable.advancemailsec,8,16180
core.chargeable.exchange,5,16185
core.chargeable.sp1gb,1,16186
core.chargeable.advancemailsec,5,16191
core.chargeable.exchange,8,16199
core.chargeable.advancemailsec,8,16207
core.chargeable.exchange,1,16208
core.chargeable.sp1gb,1,16209
core.chargeable.advancemailsec,1,16210
core.chargeable.encrygateway,4,16214
core.chargeable.exchange,4,16218
core.chargeable.sp1gb,1,16219
core.chargeable.advancemailsec,4,16223
core.chargeable.exchange,1,16224
core.chargeable.sp1gb,1,16225
core.chargeable.advancemailsec,1,16226
core.chargeable.exchange,9,16235
core.chargeable.sp1gb,1,16236
core.chargeable.advancemailsec,9,16245
core.chargeable.exchange,16,16261
core.chargeable.sp1gb,1,16262
core.chargeable.advancemailsec,16,16278
core.chargeable.exchange,6,16284
core.chargeable.sp1gb,1,16285
core.chargeable.advancemailsec,6,16291
core.chargeable.exchange,3,16294
core.chargeable.sp1gb,1,16295
core.chargeable.advancemailsec,3,16298
core.chargeable.exchange,4,16302
core.chargeable.sp1gb,1,16303
core.chargeable.advancemailsec,4,16307
core.chargeable.exchange,1,16308
core.chargeable.sp1gb,1,16309
core.chargeable.advancemailsec,1,16310
core.chargeable.exchange,4,16314
core.chargeable.sp1gb,1,16315
core.chargeable.advancemailsec,4,16319
core.chargeable.exchange,2,16321
core.chargeable.sp1gb,1,16322
core.chargeable.advancemailsec,2,16324
core.chargeable.exchange,5,16329
core.chargeable.sp1gb,1,16330
core.chargeable.advancemailsec,5,16335
core.chargeable.exchange,2,16337
core.chargeable.sp1gb,1,16338
core.chargeable.advancemailsec,2,16340
core.chargeable.encrygateway,5,16345
core.chargeable.exchange,5,16350
core.chargeable.advancemailsec,5,16355
core.chargeable.exchange,1,16356
core.chargeable.sp1gb,1,16357
core.chargeable.advancemailsec,1,16358
core.chargeable.exchange,1,16359
core.chargeable.sp1gb,1,16360
core.chargeable.advancemailsec,1,16361
core.chargeable.exchange,7,16368
core.chargeable.sp1gb,1,16369
core.chargeable.advancemailsec,7,16376
core.chargeable.exchange,10,16386
core.chargeable.sp1gb,1,16387
core.chargeable.advancemailsec,10,16397
core.chargeable.exchange,3,16400
core.chargeable.sp1gb,1,16401
core.chargeable.advancemailsec,3,16404
core.chargeable.exchange,1,16405
core.chargeable.sp1gb,1,16406
core.chargeable.advancemailsec,1,16407
core.chargeable.exchange,5,16412
core.chargeable.sp1gb,1,16413
core.chargeable.advancemailsec,5,16418
core.chargeable.exchange,10,16428
core.chargeable.sp1gb,1,16429
core.chargeable.advancemailsec,10,16439
core.chargeable.exchange,3,16442
core.chargeable.sp1gb,1,16443
core.chargeable.advancemailsec,3,16446
core.chargeable.exchange,12,16458
core.chargeable.sp1gb,1,16459
core.chargeable.advancemailsec,12,16471
core.chargeable.addspspace,4000,20471
core.chargeable.exchange,1,20472
core.chargeable.sp1gb,1,20473
core.chargeable.advancemailsec,1,20474
core.chargeable.exchange,13,20487
core.chargeable.sp1gb,1,20488
core.chargeable.advancemailsec,13,20501
core.chargeable.exchange,8,20509
core.chargeable.advancemailsec,8,20517
core.chargeable.exchange,21,20538
core.chargeable.sp1gb,1,20539
core.chargeable.advancemailsec,21,20560
core.chargeable.exchange,24,20584
core.chargeable.sp1gb,1,20585
core.chargeable.advancemailsec,24,20609
core.chargeable.exchange,7,20616
core.chargeable.sp1gb,1,20617
core.chargeable.advancemailsec,7,20624
core.chargeable.exchange,7,20631
core.chargeable.sp1gb,1,20632
core.chargeable.advancemailsec,7,20639
core.chargeable.exchange,2,20641
core.chargeable.sp1gb,1,20642
core.chargeable.advancemailsec,2,20644
core.chargeable.exchange,45,20689
core.chargeable.sp1gb,1,20690
core.chargeable.advancemailsec,45,20735
core.chargeable.exchange,2,20737
core.chargeable.sp1gb,1,20738
core.chargeable.advancemailsec,2,20740
core.chargeable.exchange,1,20741
core.chargeable.sp1gb,1,20742
core.chargeable.advancemailsec,1,20743
core.chargeable.exchange,22,20765
core.chargeable.sp1gb,1,20766
core.chargeable.advancemailsec,22,20788
core.chargeable.exchange,15,20803
core.chargeable.sp1gb,1,20804
core.chargeable.advancemailsec,15,20819
core.chargeable.exchange,1,20820
core.chargeable.sp1gb,1,20821
core.chargeable.advancemailsec,1,20822
core.chargeable.exchange,1,20823
core.chargeable.sp1gb,1,20824
core.chargeable.advancemailsec,1,20825
core.chargeable.exchange,2,20827
core.chargeable.sp1gb,1,20828
core.chargeable.advancemailsec,2,20830
core.chargeable.exchange,2,20832
core.chargeable.sp1gb,1,20833
core.chargeable.advancemailsec,2,20835
core.chargeable.exchange,2,20837
core.chargeable.sp1gb,1,20838
core.chargeable.advancemailsec,2,20840
core.chargeable.exchange,16,20856
core.chargeable.sp1gb,1,20857
core.chargeable.advancemailsec,16,20873
core.chargeable.exchange,1,20874
core.chargeable.sp1gb,1,20875
core.chargeable.advancemailsec,1,20876
core.chargeable.exchange,3,20879
core.chargeable.sp1gb,1,20880
core.chargeable.advancemailsec,3,20883
core.chargeable.exchange,1,20884
core.chargeable.sp1gb,1,20885
core.chargeable.advancemailsec,1,20886
core.chargeable.exchange,10,20896
core.chargeable.sp1gb,1,20897
core.chargeable.advancemailsec,10,20907
core.chargeable.exchange,1,20908
core.chargeable.sp1gb,1,20909
core.chargeable.advancemailsec,1,20910
core.chargeable.exchange,3,20913
core.chargeable.sp1gb,1,20914
core.chargeable.advancemailsec,3,20917
core.chargeable.exchange,1,20918
core.chargeable.sp1gb,1,20919
core.chargeable.advancemailsec,1,20920
core.chargeable.exchange,1,20921
core.chargeable.sp1gb,1,20922
core.chargeable.advancemailsec,1,20923
core.chargeable.exchange,1,20924
core.chargeable.sp1gb,1,20925
core.chargeable.advancemailsec,1,20926
core.chargeable.exchange,3,20929
core.chargeable.sp1gb,1,20930
core.chargeable.advancemailsec,3,20933
core.chargeable.exchange,3,20936
core.chargeable.sp1gb,1,20937
core.chargeable.advancemailsec,3,20940
core.chargeable.exchange,1,20941
core.chargeable.sp1gb,1,20942
core.chargeable.advancemailsec,1,20943
core.chargeable.exchange,15,20958
core.chargeable.advancemailsec,15,20973
core.chargeable.exchange,4,20977
core.chargeable.sp1gb,1,20978
core.chargeable.advancemailsec,4,20982
core.chargeable.exchange,1,20983
core.chargeable.sp1gb,1,20984
core.chargeable.advancemailsec,1,20985
core.chargeable.encrygateway,2,20987
core.chargeable.exchange,2,20989
core.chargeable.sp1gb,1,20990
core.chargeable.advancemailsec,2,20992
core.chargeable.exchange,4,20996
core.chargeable.sp1gb,1,20997
core.chargeable.advancemailsec,4,21001
core.chargeable.exchange,1,21002
core.chargeable.sp1gb,1,21003
core.chargeable.advancemailsec,1,21004
core.chargeable.exchange,27,21031
core.chargeable.sp1gb,1,21032
core.chargeable.advancemailsec,27,21059
core.chargeable.exchange,9,21068
core.chargeable.sp1gb,1,21069
core.chargeable.advancemailsec,9,21078
core.chargeable.exchange,4,21082
core.chargeable.sp1gb,1,21083
core.chargeable.advancemailsec,4,21087
core.chargeable.exchange,2,21089
core.chargeable.advancemailsec,2,21091
core.chargeable.exchange,2,21093
core.chargeable.advancemailsec,2,21095
core.chargeable.exchange,4,21099
core.chargeable.advancemailsec,4,21103
core.chargeable.exchange,19,21122
core.chargeable.advancemailsec,19,21141
core.chargeable.exchange,3,21144
core.chargeable.advancemailsec,3,21147
core.chargeable.exchange,7,21154
core.chargeable.advancemailsec,7,21161
core.chargeable.exchange,3,21164
core.chargeable.sp1gb,1,21165
core.chargeable.advancemailsec,3,21168
core.chargeable.exchange,2,21170
core.chargeable.sp1gb,1,21171
core.chargeable.advancemailsec,2,21173
core.chargeable.exchange,1,21174
core.chargeable.sp1gb,1,21175
core.chargeable.advancemailsec,1,21176
core.chargeable.exchange,5,21181
core.chargeable.advancemailsec,5,21186
core.chargeable.exchange,5,21191
core.chargeable.advancemailsec,5,21196
core.chargeable.exchange,1,21197
core.chargeable.advancemailsec,1,21198
core.chargeable.exchange,2,21200
core.chargeable.sp1gb,1,21201
core.chargeable.advancemailsec,2,21203
core.chargeable.exchange,2,21205
core.chargeable.advancemailsec,2,21207
core.chargeable.exchange,1,21208
core.chargeable.advancemailsec,1,21209
core.chargeable.exchange,1,21210
core.chargeable.advancemailsec,1,21211
core.chargeable.exchange,1,21212
core.chargeable.advancemailsec,1,21213
core.chargeable.exchange,1,21214
core.chargeable.advancemailsec,1,21215
core.chargeable.exchange,1,21216
core.chargeable.advancemailsec,1,21217
core.chargeable.exchange,1,21218
core.chargeable.advancemailsec,1,21219
core.chargeable.exchange,3,21222
core.chargeable.advancemailsec,3,21225
core.chargeable.exchange,1,21226
core.chargeable.advancemailsec,1,21227
core.chargeable.exchange,4,21231
core.chargeable.advancemailsec,4,21235
core.chargeable.exchange,1,21236
core.chargeable.owa,2,21238
core.chargeable.activesync,2,21240
core.chargeable.advancemailsec,3,21243
core.chargeable.exchange,1,21244
core.chargeable.advancemailsec,1,21245
core.chargeable.exchange,3,21248
core.chargeable.advancemailsec,3,21251
core.chargeable.exchange,1,21252
core.chargeable.advancemailsec,1,21253
core.chargeable.exchange,1,21254
core.chargeable.advancemailsec,1,21255
core.chargeable.exchange,1,21256
core.chargeable.advancemailsec,1,21257
core.chargeable.exchange,23,21280
core.chargeable.advancemailsec,23,21303
core.chargeable.exchange,18,21321
core.chargeable.advancemailsec,18,21339
core.chargeable.exchange,2,21341
core.chargeable.advancemailsec,2,21343
core.chargeable.exchange,3,21346
core.chargeable.advancemailsec,3,21349
core.chargeable.exchange,2,21351
core.chargeable.advancemailsec,2,21353
core.chargeable.exchange,6,21359
core.chargeable.advancemailsec,6,21365
core.chargeable.exchange,1,21366
core.chargeable.advancemailsec,1,21367
core.chargeable.exchange,1,21368
core.chargeable.advancemailsec,1,21369
core.chargeable.exchange,4,21373
core.chargeable.advancemailsec,4,21377
core.chargeable.exchange,10,21387
core.chargeable.advancemailsec,10,21397
core.chargeable.exchange,5,21402
core.chargeable.advancemailsec,5,21407
core.chargeable.exchange,19,21426
core.chargeable.advancemailsec,19,21445
core.chargeable.exchange,3,21448
core.chargeable.advancemailsec,3,21451
core.chargeable.exchange,3,21454
core.chargeable.advancemailsec,3,21457
core.chargeable.exchange,1,21458
core.chargeable.advancemailsec,1,21459
core.chargeable.exchange,3,21462
core.chargeable.advancemailsec,3,21465
core.chargeable.encrymsg,1,21466
core.chargeable.exchange,4,21470
core.chargeable.advancemailsec,4,21474
core.chargeable.exchange,1,21475
core.chargeable.advancemailsec,1,21476
core.chargeable.resource,3,21479
core.chargeable.owa,4,21483
core.chargeable.activesync,4,21487
core.chargeable.advancemailsec,4,21491
core.chargeable.exchange,9,21500
core.chargeable.advancemailsec,9,21509
core.chargeable.exchange,3,21512
core.chargeable.advancemailsec,3,21515
core.chargeable.exchange,2,21517
core.chargeable.advancemailsec,2,21519
core.chargeable.exchange,4,21523
core.chargeable.advancemailsec,4,21527
core.chargeable.outlook,5,21532
core.chargeable.exchange,5,21537
core.chargeable.advancemailsec,5,21542
core.chargeable.exchange,3,21545
core.chargeable.advancemailsec,3,21548
core.chargeable.exchange,1,21549
core.chargeable.advancemailsec,1,21550
core.chargeable.exchange,1,21551
core.chargeable.advancemailsec,1,21552
core.chargeable.exchange,3,21555
core.chargeable.advancemailsec,3,21558
core.chargeable.exchange,1,21559
core.chargeable.advancemailsec,1,21560
core.chargeable.exchange,2,21562
core.chargeable.advancemailsec,2,21564
core.chargeable.exchange,1,21565
core.chargeable.advancemailsec,1,21566
core.chargeable.exchange,1,21567
core.chargeable.advancemailsec,1,21568
core.chargeable.exchange,1,21569
core.chargeable.advancemailsec,1,21570
core.chargeable.exchange,1,21571
core.chargeable.advancemailsec,1,21572
core.chargeable.exchange,1,21573
core.chargeable.advancemailsec,1,21574
core.chargeable.exchange,3,21577
core.chargeable.advancemailsec,3,21580
core.chargeable.exchange,3,21583
core.chargeable.advancemailsec,3,21586
core.chargeable.exchange,5,21591
core.chargeable.advancemailsec,5,21596
core.chargeable.exchange,1,21597
core.chargeable.advancemailsec,1,21598
core.chargeable.exchange,93,21691
core.chargeable.advancemailsec,93,21784
core.chargeable.exchange,1,21785
core.chargeable.advancemailsec,1,21786
core.chargeable.exchange,1,21787
core.chargeable.advancemailsec,1,21788
core.chargeable.exchange,1,21789
core.chargeable.advancemailsec,1,21790
core.chargeable.exchange,12,21802
core.chargeable.advancemailsec,12,21814
core.chargeable.exchange,22,21836
core.chargeable.advancemailsec,22,21858
core.chargeable.exchange,9,21867
core.chargeable.advancemailsec,9,21876
core.chargeable.exchange,12,21888
core.chargeable.advancemailsec,12,21900
core.chargeable.exchange,1,21901
core.chargeable.advancemailsec,1,21902
core.chargeable.exchange,11,21913
core.chargeable.advancemailsec,11,21924
core.chargeable.exchange,14,21938
core.chargeable.advancemailsec,14,21952
core.chargeable.exchange,10,21962
core.chargeable.advancemailsec,10,21972
core.chargeable.exchange,5,21977
core.chargeable.advancemailsec,5,21982
core.chargeable.exchange,1,21983
core.chargeable.advancemailsec,1,21984
core.chargeable.exchange,2,21986
core.chargeable.advancemailsec,2,21988
core.chargeable.exchange,53,22041
core.chargeable.advancemailsec,53,22094
core.chargeable.exchange,1,22095
core.chargeable.advancemailsec,1,22096
core.chargeable.exchange,2,22098
core.chargeable.advancemailsec,2,22100
core.chargeable.exchange,2,22102
core.chargeable.advancemailsec,2,22104
core.chargeable.exchange,9,22113
core.chargeable.advancemailsec,9,22122
core.chargeable.exchange,1,22123
core.chargeable.advancemailsec,1,22124
core.chargeable.exchange,1,22125
core.chargeable.advancemailsec,1,22126
core.chargeable.exchange,2,22128
core.chargeable.advancemailsec,2,22130
core.chargeable.exchange,1,22131
core.chargeable.advancemailsec,1,22132
core.chargeable.exchange,8,22140
core.chargeable.advancemailsec,8,22148
core.chargeable.exchange,2,22150
core.chargeable.advancemailsec,2,22152
core.chargeable.exchange,1,22153
core.chargeable.advancemailsec,1,22154
core.chargeable.exchange,1,22155
core.chargeable.advancemailsec,1,22156
core.chargeable.exchange,3,22159
core.chargeable.advancemailsec,3,22162
core.chargeable.exchange,2,22164
core.chargeable.advancemailsec,2,22166
core.chargeable.exchange,2,22168
core.chargeable.advancemailsec,2,22170
core.chargeable.exchange,1,22171
core.chargeable.advancemailsec,1,22172
core.chargeable.exchange,5,22177
core.chargeable.advancemailsec,5,22182
core.chargeable.exchange,1,22183
core.chargeable.advancemailsec,1,22184
core.chargeable.exchange,1,22185
core.chargeable.advancemailsec,1,22186
core.chargeable.exchange,13,22199
core.chargeable.advancemailsec,13,22212
core.chargeable.exchange,9,22221
core.chargeable.advancemailsec,9,22230
core.chargeable.exchange,1,22231
core.chargeable.advancemailsec,1,22232
core.chargeable.exchange,5,22237
core.chargeable.advancemailsec,5,22242
core.chargeable.exchange,1,22243
core.chargeable.advancemailsec,1,22244
core.chargeable.exchange,1,22245
core.chargeable.advancemailsec,1,22246
core.chargeable.exchange,1,22247
core.chargeable.advancemailsec,1,22248
core.chargeable.exchange,1,22249
core.chargeable.advancemailsec,1,22250
core.chargeable.exchange,36,22286
core.chargeable.advancemailsec,36,22322
core.chargeable.exchange,1,22323
core.chargeable.advancemailsec,1,22324
core.chargeable.exchange,5,22329
core.chargeable.advancemailsec,5,22334
core.chargeable.exchange,3,22337
core.chargeable.advancemailsec,3,22340
core.chargeable.exchange,1,22341
core.chargeable.advancemailsec,1,22342
core.chargeable.exchange,1,22343
core.chargeable.advancemailsec,1,22344
core.chargeable.exchange,6,22350
core.chargeable.advancemailsec,6,22356
core.chargeable.outlook,1,22357
core.chargeable.exchange,1,22358
core.chargeable.advancemailsec,1,22359
core.chargeable.exchange,1,22360
core.chargeable.advancemailsec,1,22361
core.chargeable.exchange,2,22363
core.chargeable.advancemailsec,2,22365
core.chargeable.exchange,1,22366
core.chargeable.advancemailsec,1,22367
core.chargeable.exchange,1,22368
core.chargeable.advancemailsec,1,22369
core.chargeable.exchange,26,22395
core.chargeable.advancemailsec,26,22421
core.chargeable.exchange,1,22422
core.chargeable.advancemailsec,1,22423
core.chargeable.exchange,42,22465
core.chargeable.advancemailsec,42,22507
core.chargeable.exchange,1,22508
core.chargeable.advancemailsec,1,22509
core.chargeable.exchange,1,22510
core.chargeable.advancemailsec,1,22511
core.chargeable.exchange,4,22515
core.chargeable.advancemailsec,4,22519
core.chargeable.exchange,19,22538
core.chargeable.advancemailsec,19,22557
core.chargeable.exchange,1,22558
core.chargeable.advancemailsec,1,22559
core.chargeable.exchange,1,22560
core.chargeable.advancemailsec,1,22561
core.chargeable.exchange,1,22562
core.chargeable.advancemailsec,1,22563
core.chargeable.exchange,2,22565
core.chargeable.advancemailsec,2,22567
core.chargeable.exchange,1,22568
core.chargeable.advancemailsec,1,22569
core.chargeable.exchange,1,22570
core.chargeable.advancemailsec,1,22571
core.chargeable.exchange,3,22574
core.chargeable.advancemailsec,3,22577
core.chargeable.exchange,4,22581
core.chargeable.advancemailsec,4,22585
core.chargeable.exchange,1,22586
core.chargeable.advancemailsec,1,22587
core.chargeable.exchange,2,22589
core.chargeable.advancemailsec,2,22591
core.chargeable.exchange,5,22596
core.chargeable.advancemailsec,5,22601
core.chargeable.exchange,2,22603
core.chargeable.advancemailsec,2,22605
core.chargeable.exchange,3,22608
core.chargeable.advancemailsec,3,22611
core.chargeable.exchange,1,22612
core.chargeable.advancemailsec,1,22613
core.chargeable.exchange,2,22615
core.chargeable.advancemailsec,2,22617
core.chargeable.exchange,6,22623
core.chargeable.advancemailsec,6,22629
core.chargeable.exchange,1,22630
core.chargeable.advancemailsec,1,22631
core.chargeable.exchange,2,22633
core.chargeable.advancemailsec,2,22635
core.chargeable.exchange,12,22647
core.chargeable.advancemailsec,12,22659
core.chargeable.exchange,3,22662
core.chargeable.advancemailsec,3,22665
core.chargeable.exchange,2,22667
core.chargeable.advancemailsec,2,22669
core.chargeable.exchange,3,22672
core.chargeable.advancemailsec,3,22675
core.chargeable.exchange,3,22678
core.chargeable.advancemailsec,3,22681
core.chargeable.exchange,1,22682
core.chargeable.advancemailsec,1,22683
core.chargeable.exchange,5,22688
core.chargeable.advancemailsec,5,22693
core.chargeable.exchange,1,22694
core.chargeable.advancemailsec,1,22695
core.chargeable.exchange,5,22700
core.chargeable.advancemailsec,5,22705
core.chargeable.exchange,1,22706
core.chargeable.advancemailsec,1,22707
core.chargeable.exchange,1,22708
core.chargeable.advancemailsec,1,22709
core.chargeable.exchange,13,22722
core.chargeable.advancemailsec,13,22735
core.chargeable.exchange,4,22739
core.chargeable.advancemailsec,4,22743
core.chargeable.exchange,5,22748
core.chargeable.advancemailsec,5,22753
core.chargeable.outlook,2,22755
core.chargeable.exchange,2,22757
core.chargeable.advancemailsec,2,22759
core.chargeable.exchange,1,22760
core.chargeable.advancemailsec,1,22761
core.chargeable.exchange,1,22762
core.chargeable.advancemailsec,1,22763
core.chargeable.exchange,1,22764
core.chargeable.advancemailsec,1,22765
core.chargeable.exchange,2,22767
core.chargeable.advancemailsec,2,22769
core.chargeable.exchange,1,22770
core.chargeable.advancemailsec,1,22771
core.chargeable.exchange,15,22786
core.chargeable.advancemailsec,15,22801
core.chargeable.encrygateway,2,22803
core.chargeable.exchange,2,22805
core.chargeable.advancemailsec,2,22807
core.chargeable.exchange,49,22856
core.chargeable.advancemailsec,49,22905
core.chargeable.exchange,6,22911
core.chargeable.advancemailsec,6,22917
core.chargeable.exchange,6,22923
core.chargeable.advancemailsec,6,22929
core.chargeable.exchange,6,22935
core.chargeable.advancemailsec,6,22941
core.chargeable.exchange,1,22942
core.chargeable.advancemailsec,1,22943
core.chargeable.exchange,1,22944
core.chargeable.advancemailsec,1,22945
core.chargeable.exchange,13,22958
core.chargeable.advancemailsec,13,22971
core.chargeable.exchange,20,22991
core.chargeable.advancemailsec,20,23011
core.chargeable.exchange,1,23012
core.chargeable.advancemailsec,1,23013
core.chargeable.exchange,15,23028
core.chargeable.advancemailsec,15,23043
core.chargeable.exchange,2,23045
core.chargeable.advancemailsec,2,23047
core.chargeable.exchange,3,23050
core.chargeable.advancemailsec,3,23053
core.chargeable.exchange,2,23055
core.chargeable.advancemailsec,2,23057
core.chargeable.exchange,3,23060
core.chargeable.advancemailsec,3,23063
core.chargeable.exchange,1,23064
core.chargeable.advancemailsec,1,23065
core.chargeable.exchange,2,23067
core.chargeable.advancemailsec,2,23069
core.chargeable.exchange,16,23085
core.chargeable.advancemailsec,16,23101
core.chargeable.exchange,1,23102
core.chargeable.advancemailsec,1,23103
core.chargeable.exchange,1,23104
core.chargeable.advancemailsec,1,23105
core.chargeable.exchange,4,23109
core.chargeable.advancemailsec,4,23113
core.chargeable.exchange,12,23125
core.chargeable.advancemailsec,12,23137
core.chargeable.exchange,27,23164
core.chargeable.advancemailsec,27,23191
core.chargeable.exchange,1,23192
core.chargeable.advancemailsec,1,23193
core.chargeable.exchange,1,23194
core.chargeable.advancemailsec,1,23195
core.chargeable.exchange,3,23198
core.chargeable.advancemailsec,3,23201
core.chargeable.exchange,53,23254
core.chargeable.resource,1,23255
core.chargeable.advancemailsec,53,23308
core.chargeable.exchange,5,23313
core.chargeable.advancemailsec,5,23318
core.chargeable.exchange,57,23375
core.chargeable.advancemailsec,57,23432
core.chargeable.exchange,3,23435
core.chargeable.advancemailsec,3,23438
core.chargeable.exchange,1,23439
core.chargeable.advancemailsec,1,23440
core.chargeable.exchange,7,23447
core.chargeable.advancemailsec,7,23454
core.chargeable.exchange,1,23455
core.chargeable.advancemailsec,1,23456
core.chargeable.exchange,1,23457
core.chargeable.advancemailsec,1,23458
core.chargeable.exchange,4,23462
core.chargeable.advancemailsec,4,23466
core.chargeable.exchange,1,23467
core.chargeable.advancemailsec,1,23468
core.chargeable.exchange,1,23469
core.chargeable.advancemailsec,1,23470
core.chargeable.exchange,3,23473
core.chargeable.advancemailsec,3,23476
core.chargeable.exchange,3,23479
core.chargeable.advancemailsec,3,23482
core.chargeable.exchange,1,23483
core.chargeable.advancemailsec,1,23484
core.chargeable.exchange,2,23486
core.chargeable.advancemailsec,2,23488
core.chargeable.exchange,1,23489
core.chargeable.advancemailsec,1,23490
core.chargeable.exchange,1,23491
core.chargeable.advancemailsec,1,23492
core.chargeable.exchange,2,23494
core.chargeable.advancemailsec,2,23496
core.chargeable.exchange,7,23503
core.chargeable.advancemailsec,7,23510
core.chargeable.exchange,1,23511
core.chargeable.advancemailsec,1,23512
core.chargeable.exchange,1,23513
core.chargeable.advancemailsec,1,23514
core.chargeable.exchange,3,23517
core.chargeable.advancemailsec,3,23520
core.chargeable.exchange,1,23521
core.chargeable.advancemailsec,1,23522
core.chargeable.exchange,1,23523
core.chargeable.advancemailsec,1,23524
core.chargeable.exchange,2,23526
core.chargeable.advancemailsec,2,23528
core.chargeable.exchange,11,23539
core.chargeable.addspspace,2000,25539
core.chargeable.advancemailsec,11,25550
core.chargeable.exchange,4,25554
core.chargeable.advancemailsec,4,25558
core.chargeable.exchange,68,25626
core.chargeable.advancemailsec,68,25694
core.chargeable.exchange,2,25696
core.chargeable.advancemailsec,2,25698
core.chargeable.exchange,3,25701
core.chargeable.advancemailsec,3,25704
core.chargeable.exchange,9,25713
core.chargeable.advancemailsec,9,25722
core.chargeable.exchange,1,25723
core.chargeable.advancemailsec,1,25724
core.chargeable.encrygateway,13,25737
core.chargeable.exchange,13,25750
core.chargeable.advancemailsec,13,25763
core.chargeable.exchange,1,25764
core.chargeable.advancemailsec,1,25765
core.chargeable.exchange,1,25766
core.chargeable.advancemailsec,1,25767
core.chargeable.exchange,1,25768
core.chargeable.advancemailsec,1,25769
core.chargeable.exchange,1,25770
core.chargeable.advancemailsec,1,25771
core.chargeable.exchange,7,25778
core.chargeable.advancemailsec,7,25785
core.chargeable.exchange,1,25786
core.chargeable.advancemailsec,1,25787
core.chargeable.exchange,1,25788
core.chargeable.advancemailsec,1,25789
core.chargeable.exchange,5,25794
core.chargeable.advancemailsec,5,25799
core.chargeable.exchange,1,25800
core.chargeable.advancemailsec,1,25801
core.chargeable.exchange,1,25802
core.chargeable.advancemailsec,1,25803
core.chargeable.exchange,1,25804
core.chargeable.advancemailsec,1,25805
core.chargeable.exchange,1,25806
core.chargeable.advancemailsec,1,25807
core.chargeable.exchange,3,25810
core.chargeable.advancemailsec,3,25813
core.chargeable.exchange,2,25815
core.chargeable.advancemailsec,2,25817
core.chargeable.exchange,1,25818
core.chargeable.advancemailsec,1,25819
core.chargeable.exchange,1,25820
core.chargeable.advancemailsec,1,25821
core.chargeable.exchange,1,25822
core.chargeable.advancemailsec,1,25823
core.chargeable.exchange,2,25825
core.chargeable.advancemailsec,2,25827
core.chargeable.encrygateway,10,25837
core.chargeable.exchange,10,25847
core.chargeable.advancemailsec,10,25857
core.chargeable.exchange,1,25858
core.chargeable.advancemailsec,1,25859
core.chargeable.exchange,1,25860
core.chargeable.advancemailsec,1,25861
core.chargeable.exchange,5,25866
core.chargeable.advancemailsec,5,25871
core.chargeable.exchange,17,25888
core.chargeable.advancemailsec,17,25905
core.chargeable.exchange,1,25906
core.chargeable.advancemailsec,1,25907
core.chargeable.exchange,1,25908
core.chargeable.advancemailsec,1,25909
core.chargeable.exchange,1,25910
core.chargeable.advancemailsec,1,25911
core.chargeable.exchange,2,25913
core.chargeable.advancemailsec,2,25915
core.chargeable.exchange,3,25918
core.chargeable.advancemailsec,3,25921
core.chargeable.exchange,1,25922
core.chargeable.advancemailsec,1,25923
core.chargeable.exchange,6,25929
core.chargeable.advancemailsec,6,25935
core.chargeable.exchange,5,25940
core.chargeable.advancemailsec,5,25945
core.chargeable.exchange,9,25954
core.chargeable.advancemailsec,9,25963
core.chargeable.exchange,3,25966
core.chargeable.advancemailsec,3,25969
core.chargeable.exchange,179,26148
core.chargeable.advancemailsec,179,26327
core.chargeable.exchange,4,26331
core.chargeable.advancemailsec,4,26335
core.chargeable.exchange,1,26336
core.chargeable.advancemailsec,1,26337
core.chargeable.exchange,1,26338
core.chargeable.advancemailsec,1,26339
core.chargeable.exchange,1,26340
core.chargeable.advancemailsec,1,26341
core.chargeable.exchange,3,26344
core.chargeable.advancemailsec,3,26347
core.chargeable.exchange,1,26348
core.chargeable.advancemailsec,1,26349
core.chargeable.exchange,2,26351
core.chargeable.advancemailsec,2,26353
core.chargeable.exchange,2,26355
core.chargeable.advancemailsec,2,26357
core.chargeable.exchange,12,26369
core.chargeable.advancemailsec,12,26381
core.chargeable.exchange,1,26382
core.chargeable.advancemailsec,1,26383
core.chargeable.exchange,1,26384
core.chargeable.advancemailsec,1,26385
core.chargeable.exchange,18,26403
core.chargeable.advancemailsec,18,26421
core.chargeable.exchange,1,26422
core.chargeable.advancemailsec,1,26423
core.chargeable.exchange,1,26424
core.chargeable.advancemailsec,1,26425
core.chargeable.exchange,1,26426
core.chargeable.advancemailsec,1,26427
core.chargeable.encrymsg,8,26435
core.chargeable.encrygateway,8,26443
core.chargeable.exchange,8,26451
core.chargeable.advancemailsec,8,26459
core.chargeable.exchange,2,26461
core.chargeable.advancemailsec,2,26463
core.chargeable.exchange,4,26467
core.chargeable.advancemailsec,4,26471
core.chargeable.exchange,2,26473
core.chargeable.advancemailsec,2,26475
core.chargeable.exchange,1,26476
core.chargeable.advancemailsec,1,26477
core.chargeable.exchange,1,26478
core.chargeable.advancemailsec,1,26479
core.chargeable.exchange,2,26481
core.chargeable.advancemailsec,2,26483
core.chargeable.exchange,1,26484
core.chargeable.advancemailsec,1,26485
core.chargeable.exchange,21,26506
core.chargeable.advancemailsec,21,26527
core.chargeable.exchange,1,26528
core.chargeable.advancemailsec,1,26529
core.chargeable.exchange,5,26534
core.chargeable.advancemailsec,5,26539
core.chargeable.exchange,6,26545
core.chargeable.advancemailsec,6,26551
core.chargeable.exchange,1,26552
core.chargeable.advancemailsec,1,26553
core.chargeable.exchange,3,26556
core.chargeable.advancemailsec,3,26559
core.chargeable.exchange,5,26564
core.chargeable.advancemailsec,5,26569
core.chargeable.exchange,5,26574
core.chargeable.advancemailsec,5,26579
core.chargeable.exchange,6,26585
core.chargeable.advancemailsec,6,26591
core.chargeable.exchange,1,26592
core.chargeable.advancemailsec,1,26593
core.chargeable.exchange,1,26594
core.chargeable.advancemailsec,1,26595
core.chargeable.exchange,2,26597
core.chargeable.advancemailsec,2,26599
core.chargeable.exchange,1,26600
core.chargeable.owa,1,26601
core.chargeable.activesync,1,26602
core.chargeable.advancemailsec,2,26604
core.chargeable.exchange,1,26605
core.chargeable.advancemailsec,1,26606
core.chargeable.exchange,1,26607
core.chargeable.advancemailsec,1,26608
core.chargeable.exchange,2,26610
core.chargeable.advancemailsec,2,26612
core.chargeable.exchange,1,26613
core.chargeable.advancemailsec,1,26614
core.chargeable.exchange,1,26615
core.chargeable.advancemailsec,1,26616
core.chargeable.exchange,1,26617
core.chargeable.advancemailsec,1,26618
core.chargeable.exchange,6,26624
core.chargeable.advancemailsec,6,26630
core.chargeable.exchange,2,26632
core.chargeable.advancemailsec,2,26634
core.chargeable.exchange,1,26635
core.chargeable.advancemailsec,1,26636
core.chargeable.exchange,16,26652
core.chargeable.advancemailsec,16,26668
core.chargeable.exchange,15,26683
core.chargeable.advancemailsec,15,26698
core.chargeable.exchange,5,26703
core.chargeable.advancemailsec,5,26708
core.chargeable.exchange,1,26709
core.chargeable.advancemailsec,1,26710
core.chargeable.exchange,1,26711
core.chargeable.advancemailsec,1,26712
core.chargeable.exchange,1,26713
core.chargeable.advancemailsec,1,26714
core.chargeable.exchange,6,26720
core.chargeable.advancemailsec,6,26726
core.chargeable.exchange,2,26728
core.chargeable.advancemailsec,2,26730
core.chargeable.exchange,10,26740
core.chargeable.advancemailsec,10,26750
core.chargeable.exchange,6,26756
core.chargeable.advancemailsec,6,26762
core.chargeable.exchange,66,26828
core.chargeable.advancemailsec,66,26894
core.chargeable.exchange,2,26896
core.chargeable.advancemailsec,2,26898
core.chargeable.exchange,5,26903
core.chargeable.advancemailsec,5,26908
core.chargeable.exchange,14,26922
core.chargeable.advancemailsec,14,26936
core.chargeable.exchange,81,27017
core.chargeable.advancemailsec,81,27098
core.chargeable.exchange,26,27124
core.chargeable.advancemailsec,26,27150
core.chargeable.exchange,121,27271
core.chargeable.advancemailsec,121,27392
core.chargeable.exchange,6,27398
core.chargeable.advancemailsec,6,27404
core.chargeable.exchange,1,27405
core.chargeable.advancemailsec,1,27406
core.chargeable.exchange,1,27407
core.chargeable.advancemailsec,1,27408
core.chargeable.exchange,2,27410
core.chargeable.addbackupspace,5000,32410
core.chargeable.advancemailsec,2,32412
core.chargeable.exchange,164,32576
core.chargeable.sharesync2gbuser,1,32577
core.chargeable.advancemailsec,164,32741
core.chargeable.exchange,2,32743
core.chargeable.advancemailsec,2,32745
core.chargeable.exchange,1,32746
core.chargeable.advancemailsec,1,32747
core.chargeable.exchange,1,32748
core.chargeable.advancemailsec,1,32749
core.chargeable.exchange,1,32750
core.chargeable.advancemailsec,1,32751
core.chargeable.exchange,12,32763
core.chargeable.advancemailsec,12,32775
core.chargeable.exchange,1,32776
core.chargeable.advancemailsec,1,32777
core.chargeable.exchange,1,32778
core.chargeable.advancemailsec,1,32779
core.chargeable.exchange,2,32781
core.chargeable.advancemailsec,2,32783
core.chargeable.exchange,2,32785
core.chargeable.advancemailsec,2,32787
core.chargeable.exchange,3,32790
core.chargeable.advancemailsec,3,32793
core.chargeable.exchange,1,32794
core.chargeable.advancemailsec,1,32795
core.chargeable.outlook,15,32810
core.chargeable.exchange,15,32825
core.chargeable.advancemailsec,15,32840
core.chargeable.exchange,6,32846
core.chargeable.advancemailsec,6,32852
core.chargeable.exchange,4,32856
core.chargeable.advancemailsec,4,32860
core.chargeable.exchange,4,32864
core.chargeable.advancemailsec,4,32868
core.chargeable.exchange,1,32869
core.chargeable.advancemailsec,1,32870
core.chargeable.exchange,1,32871
core.chargeable.advancemailsec,1,32872
core.chargeable.exchange,2,32874
core.chargeable.advancemailsec,2,32876
core.chargeable.encrymsg,1,32877
core.chargeable.encrygateway,2,32879
core.chargeable.exchange,31,32910
core.chargeable.advancemailsec,31,32941
core.chargeable.exchange,10,32951
core.chargeable.advancemailsec,10,32961
core.chargeable.exchange,7,32968
core.chargeable.advancemailsec,7,32975
core.chargeable.exchange,1,32976
core.chargeable.advancemailsec,1,32977
core.chargeable.exchange,3,32980
core.chargeable.advancemailsec,3,32983
core.chargeable.exchange,22,33005
core.chargeable.resource,2,33007
core.chargeable.advancemailsec,22,33029
core.chargeable.exchange,5,33034
core.chargeable.advancemailsec,5,33039
core.chargeable.exchange,10,33049
core.chargeable.advancemailsec,10,33059
core.chargeable.exchange,9,33068
core.chargeable.advancemailsec,9,33077
core.chargeable.exchange,7,33084
core.chargeable.advancemailsec,7,33091
core.chargeable.exchange,13,33104
core.chargeable.advancemailsec,13,33117
core.chargeable.exchange,4,33121
core.chargeable.advancemailsec,4,33125
core.chargeable.exchange,2,33127
core.chargeable.advancemailsec,2,33129
core.chargeable.exchange,19,33148
core.chargeable.advancemailsec,19,33167
core.chargeable.exchange,1,33168
core.chargeable.advancemailsec,1,33169
core.chargeable.exchange,2,33171
core.chargeable.advancemailsec,2,33173
core.chargeable.exchange,280,33453
core.chargeable.advancemailsec,280,33733
core.chargeable.exchange,1,33734
core.chargeable.advancemailsec,1,33735
core.chargeable.exchange,1,33736
core.chargeable.advancemailsec,1,33737
core.chargeable.exchange,3,33740
core.chargeable.advancemailsec,3,33743
core.chargeable.exchange,1,33744
core.chargeable.advancemailsec,1,33745
core.chargeable.exchange,11,33756
core.chargeable.advancemailsec,11,33767
core.chargeable.exchange,2,33769
core.chargeable.advancemailsec,2,33771
core.chargeable.exchange,6,33777
core.chargeable.advancemailsec,6,33783
core.chargeable.exchange,10,33793
core.chargeable.advancemailsec,10,33803
core.chargeable.exchange,19,33822
core.chargeable.resource,1,33823
core.chargeable.advancemailsec,19,33842
core.chargeable.exchange,1,33843
core.chargeable.advancemailsec,1,33844
core.chargeable.exchange,11,33855
core.chargeable.advancemailsec,11,33866
core.chargeable.exchange,6,33872
core.chargeable.advancemailsec,6,33878
core.chargeable.exchange,1,33879
core.chargeable.advancemailsec,1,33880
core.chargeable.exchange,7,33887
core.chargeable.advancemailsec,7,33894
core.chargeable.exchange,2,33896
core.chargeable.advancemailsec,2,33898
core.chargeable.exchange,1,33899
core.chargeable.advancemailsec,1,33900
core.chargeable.exchange,2,33902
core.chargeable.advancemailsec,2,33904
core.chargeable.exchange,1,33905
core.chargeable.advancemailsec,1,33906
core.chargeable.outlook,3,33909
core.chargeable.exchange,3,33912
core.chargeable.advancemailsec,3,33915
core.chargeable.exchange,1,33916
core.chargeable.advancemailsec,1,33917
core.chargeable.exchange,16,33933
core.chargeable.advancemailsec,16,33949
core.chargeable.exchange,2,33951
core.chargeable.advancemailsec,2,33953
core.chargeable.exchange,4,33957
core.chargeable.advancemailsec,4,33961
core.chargeable.exchange,2,33963
core.chargeable.advancemailsec,2,33965
core.chargeable.exchange,1,33966
core.chargeable.advancemailsec,1,33967
core.chargeable.exchange,1,33968
core.chargeable.advancemailsec,1,33969
core.chargeable.exchange,8,33977
core.chargeable.advancemailsec,8,33985
core.chargeable.exchange,8,33993
core.chargeable.advancemailsec,8,34001
core.chargeable.exchange,2,34003
core.chargeable.advancemailsec,2,34005
core.chargeable.exchange,2,34007
core.chargeable.advancemailsec,2,34009
core.chargeable.exchange,1,34010
core.chargeable.advancemailsec,1,34011
core.chargeable.exchange,6,34017
core.chargeable.advancemailsec,6,34023
core.chargeable.exchange,15,34038
core.chargeable.advancemailsec,15,34053
core.chargeable.exchange,1,34054
core.chargeable.advancemailsec,1,34055
core.chargeable.exchange,20,34075
core.chargeable.advancemailsec,20,34095
core.chargeable.exchange,18,34113
core.chargeable.advancemailsec,18,34131
core.chargeable.exchange,5,34136
core.chargeable.advancemailsec,5,34141
core.chargeable.exchange,4,34145
core.chargeable.advancemailsec,4,34149
core.chargeable.exchange,26,34175
core.chargeable.advancemailsec,26,34201
core.chargeable.exchange,1,34202
core.chargeable.advancemailsec,1,34203
core.chargeable.exchange,1,34204
core.chargeable.advancemailsec,1,34205
core.chargeable.exchange,118,34323
core.chargeable.advancemailsec,118,34441
core.chargeable.exchange,11,34452
core.chargeable.advancemailsec,11,34463
core.chargeable.exchange,1,34464
core.chargeable.advancemailsec,1,34465
core.chargeable.exchange,1,34466
core.chargeable.advancemailsec,1,34467
core.chargeable.exchange,1,34468
core.chargeable.advancemailsec,1,34469
core.chargeable.exchange,1,34470
core.chargeable.advancemailsec,1,34471
core.chargeable.exchange,90,34561
core.chargeable.advancemailsec,90,34651
core.chargeable.exchange,1,34652
core.chargeable.advancemailsec,1,34653
core.chargeable.exchange,8,34661
core.chargeable.advancemailsec,8,34669
core.chargeable.exchange,1,34670
core.chargeable.advancemailsec,1,34671
core.chargeable.exchange,1,34672
core.chargeable.advancemailsec,1,34673
core.chargeable.exchange,5,34678
core.chargeable.advancemailsec,5,34683
core.chargeable.exchange,3,34686
core.chargeable.advancemailsec,3,34689
core.chargeable.outlook,5,34694
core.chargeable.exchange,5,34699
core.chargeable.advancemailsec,5,34704
core.chargeable.exchange,1,34705
core.chargeable.advancemailsec,1,34706
core.chargeable.exchange,10,34716
core.chargeable.advancemailsec,10,34726
core.chargeable.exchange,4,34730
core.chargeable.advancemailsec,4,34734
core.chargeable.exchange,1,34735
core.chargeable.advancemailsec,1,34736
core.chargeable.exchange,40,34776
core.chargeable.archivemailbox,10,34786
core.chargeable.advancemailsec,40,34826
core.chargeable.exchange,6,34832
core.chargeable.advancemailsec,6,34838
core.chargeable.exchange,2,34840
core.chargeable.advancemailsec,2,34842
core.chargeable.exchange,10,34852
core.chargeable.advancemailsec,10,34862
core.chargeable.exchange,1,34863
core.chargeable.advancemailsec,1,34864
core.chargeable.exchange,1,34865
core.chargeable.advancemailsec,1,34866
core.chargeable.exchange,20,34886
core.chargeable.advancemailsec,20,34906
core.chargeable.exchange,1,34907
core.chargeable.advancemailsec,1,34908
core.chargeable.exchange,1,34909
core.chargeable.advancemailsec,1,34910
core.chargeable.exchange,2,34912
core.chargeable.advancemailsec,2,34914
core.chargeable.exchange,1,34915
core.chargeable.advancemailsec,1,34916
core.chargeable.exchange,6,34922
core.chargeable.advancemailsec,6,34928
core.chargeable.exchange,4,34932
core.chargeable.advancemailsec,4,34936
core.chargeable.exchange,2,34938
core.chargeable.advancemailsec,2,34940
core.chargeable.exchange,18,34958
core.chargeable.advancemailsec,18,34976
core.chargeable.exchange,1,34977
core.chargeable.advancemailsec,1,34978
core.chargeable.exchange,2,34980
core.chargeable.advancemailsec,2,34982
core.chargeable.exchange,1,34983
core.chargeable.advancemailsec,1,34984
core.chargeable.encrygateway,15,34999
core.chargeable.exchange,15,35014
core.chargeable.advancemailsec,15,35029
core.chargeable.exchange,2,35031
core.chargeable.advancemailsec,2,35033
core.chargeable.exchange,1,35034
core.chargeable.advancemailsec,1,35035
core.chargeable.exchange,3,35038
core.chargeable.advancemailsec,3,35041
core.chargeable.exchange,10,35051
core.chargeable.advancemailsec,10,35061
core.chargeable.exchange,10,35071
core.chargeable.advancemailsec,10,35081
core.chargeable.exchange,1,35082
core.chargeable.advancemailsec,1,35083
core.chargeable.exchange,1,35084
core.chargeable.advancemailsec,1,35085
core.chargeable.exchange,4,35089
core.chargeable.advancemailsec,4,35093
core.chargeable.exchange,1,35094
core.chargeable.advancemailsec,1,35095
core.chargeable.exchange,2,35097
core.chargeable.advancemailsec,2,35099
core.chargeable.exchange,2,35101
core.chargeable.advancemailsec,2,35103
core.chargeable.exchange,5,35108
core.chargeable.advancemailsec,5,35113
core.chargeable.exchange,1,35114
core.chargeable.advancemailsec,1,35115
core.chargeable.exchange,1,35116
core.chargeable.advancemailsec,1,35117
core.chargeable.exchange,1,35118
core.chargeable.advancemailsec,1,35119
core.chargeable.exchange,2,35121
core.chargeable.advancemailsec,2,35123
core.chargeable.exchange,1,35124
core.chargeable.advancemailsec,1,35125
core.chargeable.exchange,26,35151
core.chargeable.advancemailsec,26,35177
core.chargeable.exchange,2,35179
core.chargeable.advancemailsec,2,35181
core.chargeable.exchange,1,35182
core.chargeable.advancemailsec,1,35183
core.chargeable.exchange,6,35189
core.chargeable.advancemailsec,6,35195
core.chargeable.exchange,6,35201
core.chargeable.advancemailsec,6,35207
core.chargeable.exchange,1,35208
core.chargeable.advancemailsec,1,35209
core.chargeable.exchange,15,35224
core.chargeable.advancemailsec,15,35239
core.chargeable.exchange,6,35245
core.chargeable.advancemailsec,6,35251
core.chargeable.exchange,2,35253
core.chargeable.advancemailsec,2,35255
core.chargeable.exchange,4,35259
core.chargeable.advancemailsec,4,35263
core.chargeable.exchange,6,35269
core.chargeable.advancemailsec,6,35275
core.chargeable.exchange,17,35292
core.chargeable.advancemailsec,17,35309
core.chargeable.exchange,1,35310
core.chargeable.advancemailsec,1,35311
core.chargeable.exchange,2,35313
core.chargeable.advancemailsec,2,35315
core.chargeable.outlook,1,35316
core.chargeable.exchange,1,35317
core.chargeable.advancemailsec,1,35318
core.chargeable.exchange,4,35322
core.chargeable.advancemailsec,4,35326
core.chargeable.exchange,1,35327
core.chargeable.advancemailsec,1,35328
core.chargeable.exchange,14,35342
core.chargeable.advancemailsec,14,35356
core.chargeable.exchange,6,35362
core.chargeable.advancemailsec,6,35368
core.chargeable.exchange,5,35373
core.chargeable.advancemailsec,5,35378
core.chargeable.exchange,14,35392
core.chargeable.archivemailbox,14,35406
core.chargeable.advancemailsec,14,35420
core.chargeable.exchange,38,35458
core.chargeable.addspspace,7000,42458
core.chargeable.advancemailsec,38,42496
core.chargeable.exchange,2,42498
core.chargeable.advancemailsec,2,42500
core.chargeable.exchange,13,42513
core.chargeable.advancemailsec,13,42526
core.chargeable.exchange,2,42528
core.chargeable.advancemailsec,2,42530
core.chargeable.exchange,1,42531
core.chargeable.advancemailsec,1,42532
core.chargeable.exchange,1,42533
core.chargeable.advancemailsec,1,42534
core.chargeable.exchange,1,42535
core.chargeable.advancemailsec,1,42536
core.chargeable.exchange,1,42537
core.chargeable.advancemailsec,1,42538
core.chargeable.exchange,1,42539
core.chargeable.advancemailsec,1,42540
core.chargeable.exchange,1,42541
core.chargeable.advancemailsec,1,42542
core.chargeable.encrygateway,1,42543
core.chargeable.exchange,1,42544
core.chargeable.advancemailsec,1,42545
core.chargeable.exchange,2,42547
core.chargeable.advancemailsec,2,42549
core.chargeable.exchange,1,42550
core.chargeable.advancemailsec,1,42551
core.chargeable.exchange,1,42552
core.chargeable.advancemailsec,1,42553
core.chargeable.exchange,12,42565
core.chargeable.advancemailsec,12,42577
core.chargeable.exchange,1,42578
core.chargeable.advancemailsec,1,42579
core.chargeable.exchange,3,42582
core.chargeable.advancemailsec,3,42585
core.chargeable.exchange,1,42586
core.chargeable.advancemailsec,1,42587
core.chargeable.exchange,5,42592
core.chargeable.advancemailsec,5,42597
core.chargeable.exchange,2,42599
core.chargeable.advancemailsec,2,42601
core.chargeable.exchange,1,42602
core.chargeable.advancemailsec,1,42603
core.chargeable.exchange,2,42605
core.chargeable.advancemailsec,2,42607
core.chargeable.exchange,2,42609
core.chargeable.advancemailsec,2,42611
core.chargeable.exchange,2,42613
core.chargeable.advancemailsec,2,42615
core.chargeable.exchange,9,42624
core.chargeable.advancemailsec,9,42633
core.chargeable.exchange,1,42634
core.chargeable.advancemailsec,1,42635
core.chargeable.exchange,1,42636
core.chargeable.advancemailsec,1,42637
core.chargeable.exchange,7,42644
core.chargeable.advancemailsec,7,42651
core.chargeable.exchange,10,42661
core.chargeable.advancemailsec,10,42671
core.chargeable.exchange,4,42675
core.chargeable.advancemailsec,4,42679
core.chargeable.exchange,2,42681
core.chargeable.advancemailsec,2,42683
core.chargeable.exchange,6,42689
core.chargeable.advancemailsec,6,42695
core.chargeable.exchange,2,42697
core.chargeable.advancemailsec,2,42699
core.chargeable.exchange,6,42705
core.chargeable.advancemailsec,6,42711
core.chargeable.exchange,5,42716
core.chargeable.advancemailsec,5,42721
core.chargeable.exchange,31,42752
core.chargeable.advancemailsec,31,42783
core.chargeable.exchange,12,42795
core.chargeable.advancemailsec,12,42807
core.chargeable.exchange,1,42808
core.chargeable.advancemailsec,1,42809
core.chargeable.exchange,2,42811
core.chargeable.advancemailsec,2,42813
core.chargeable.exchange,11,42824
core.chargeable.advancemailsec,11,42835
core.chargeable.exchange,2,42837
core.chargeable.advancemailsec,2,42839
core.chargeable.exchange,24,42863
core.chargeable.advancemailsec,24,42887
core.chargeable.exchange,14,42901
core.chargeable.advancemailsec,14,42915
core.chargeable.addowaspace,13000,55915
core.chargeable.owa,2,55917
core.chargeable.activesync,2,55919
core.chargeable.advancemailsec,2,55921
core.chargeable.exchange,5,55926
core.chargeable.advancemailsec,5,55931
core.chargeable.exchange,1,55932
core.chargeable.advancemailsec,1,55933
core.chargeable.exchange,1,55934
core.chargeable.advancemailsec,1,55935
core.chargeable.exchange,6,55941
core.chargeable.advancemailsec,6,55947
core.chargeable.exchange,1,55948
core.chargeable.advancemailsec,1,55949
core.chargeable.exchange,7,55956
core.chargeable.advancemailsec,7,55963
core.chargeable.exchange,2,55965
core.chargeable.advancemailsec,2,55967
core.chargeable.addowaspace,2000,57967
core.chargeable.owa,1,57968
core.chargeable.activesync,1,57969
core.chargeable.advancemailsec,1,57970
core.chargeable.exchange,1,57971
core.chargeable.sharesync2gbuser,1,57972
core.chargeable.advancemailsec,1,57973
core.chargeable.exchange,5,57978
core.chargeable.advancemailsec,5,57983
core.chargeable.exchange,13,57996
core.chargeable.advancemailsec,13,58009
core.chargeable.exchange,7,58016
core.chargeable.advancemailsec,7,58023
core.chargeable.exchange,2,58025
core.chargeable.advancemailsec,2,58027
core.chargeable.exchange,24,58051
core.chargeable.advancemailsec,24,58075
core.chargeable.exchange,13,58088
core.chargeable.advancemailsec,13,58101
core.chargeable.exchange,1,58102
core.chargeable.advancemailsec,1,58103
core.chargeable.exchange,1,58104
core.chargeable.advancemailsec,1,58105
core.chargeable.exchange,1,58106
core.chargeable.advancemailsec,1,58107
core.chargeable.exchange,14,58121
core.chargeable.advancemailsec,14,58135
core.chargeable.exchange,1,58136
core.chargeable.advancemailsec,1,58137
core.chargeable.exchange,1,58138
core.chargeable.advancemailsec,1,58139
core.chargeable.exchange,2,58141
core.chargeable.advancemailsec,2,58143
core.chargeable.exchange,1,58144
core.chargeable.advancemailsec,1,58145
core.chargeable.exchange,10,58155
core.chargeable.advancemailsec,10,58165
core.chargeable.exchange,13,58178
core.chargeable.advancemailsec,13,58191
core.chargeable.exchange,101,58292
core.chargeable.advancemailsec,101,58393
core.chargeable.exchange,1,58394
core.chargeable.advancemailsec,1,58395
core.chargeable.exchange,3,58398
core.chargeable.advancemailsec,3,58401
core.chargeable.exchange,1,58402
core.chargeable.advancemailsec,1,58403
core.chargeable.exchange,9,58412
core.chargeable.advancemailsec,9,58421
core.chargeable.exchange,2,58423
core.chargeable.advancemailsec,2,58425
core.chargeable.exchange,1,58426
core.chargeable.advancemailsec,1,58427
core.chargeable.exchange,9,58436
core.chargeable.advancemailsec,9,58445
core.chargeable.exchange,4,58449
core.chargeable.advancemailsec,4,58453
core.chargeable.exchange,1,58454
core.chargeable.archivemailbox,1,58455
core.chargeable.advancemailsec,1,58456
core.chargeable.exchange,1,58457
core.chargeable.advancemailsec,1,58458
core.chargeable.exchange,1,58459
core.chargeable.advancemailsec,1,58460
core.chargeable.exchange,2,58462
core.chargeable.advancemailsec,2,58464
core.chargeable.exchange,1,58465
core.chargeable.advancemailsec,1,58466
core.chargeable.encrymsg,4,58470
core.chargeable.encrygateway,4,58474
core.chargeable.exchange,4,58478
core.chargeable.advancemailsec,4,58482
core.chargeable.exchange,1,58483
core.chargeable.advancemailsec,1,58484
core.chargeable.exchange,1,58485
core.chargeable.advancemailsec,1,58486
core.chargeable.exchange,4,58490
core.chargeable.advancemailsec,4,58494
core.chargeable.exchange,1,58495
core.chargeable.advancemailsec,1,58496
core.chargeable.exchange,2,58498
core.chargeable.advancemailsec,2,58500
core.chargeable.exchange,7,58507
core.chargeable.advancemailsec,7,58514
core.chargeable.exchange,2,58516
core.chargeable.advancemailsec,2,58518
core.chargeable.outlook,12,58530
core.chargeable.exchange,12,58542
core.chargeable.advancemailsec,12,58554
core.chargeable.exchange,1,58555
core.chargeable.advancemailsec,1,58556
core.chargeable.exchange,4,58560
core.chargeable.advancemailsec,4,58564
core.chargeable.exchange,2,58566
core.chargeable.advancemailsec,2,58568
core.chargeable.exchange,18,58586
core.chargeable.advancemailsec,18,58604
core.chargeable.exchange,1,58605
core.chargeable.advancemailsec,1,58606
core.chargeable.exchange,5,58611
core.chargeable.advancemailsec,5,58616
core.chargeable.exchange,1,58617
core.chargeable.advancemailsec,1,58618
core.chargeable.exchange,1,58619
core.chargeable.advancemailsec,1,58620
core.chargeable.exchange,3,58623
core.chargeable.advancemailsec,3,58626
core.chargeable.exchange,1,58627
core.chargeable.advancemailsec,1,58628
core.chargeable.exchange,12,58640
core.chargeable.advancemailsec,12,58652
core.chargeable.exchange,1,58653
core.chargeable.advancemailsec,1,58654
core.chargeable.exchange,5,58659
core.chargeable.advancemailsec,5,58664
core.chargeable.exchange,1,58665
core.chargeable.advancemailsec,1,58666
core.chargeable.exchange,1,58667
core.chargeable.advancemailsec,1,58668
core.chargeable.exchange,1,58669
core.chargeable.advancemailsec,1,58670
core.chargeable.exchange,40,58710
core.chargeable.advancemailsec,40,58750
core.chargeable.exchange,1,58751
core.chargeable.advancemailsec,1,58752
core.chargeable.exchange,2,58754
core.chargeable.advancemailsec,2,58756
core.chargeable.exchange,1,58757
core.chargeable.advancemailsec,1,58758
core.chargeable.exchange,1,58759
core.chargeable.advancemailsec,1,58760
core.chargeable.exchange,1,58761
core.chargeable.advancemailsec,1,58762
core.chargeable.exchange,2,58764
core.chargeable.advancemailsec,2,58766
core.chargeable.exchange,1,58767
core.chargeable.advancemailsec,1,58768
core.chargeable.exchange,1,58769
core.chargeable.advancemailsec,1,58770
core.chargeable.addowaspace,10000,68770
core.chargeable.owa,2,68772
core.chargeable.activesync,2,68774
core.chargeable.advancemailsec,2,68776
core.chargeable.exchange,7,68783
core.chargeable.advancemailsec,7,68790
core.chargeable.exchange,35,68825
core.chargeable.advancemailsec,35,68860
core.chargeable.exchange,2,68862
core.chargeable.advancemailsec,2,68864
core.chargeable.exchange,6,68870
core.chargeable.advancemailsec,6,68876
core.chargeable.exchange,1,68877
core.chargeable.advancemailsec,1,68878
core.chargeable.exchange,1,68879
core.chargeable.advancemailsec,1,68880
core.chargeable.exchange,78,68958
core.chargeable.advancemailsec,78,69036
core.chargeable.outlook,17,69053
core.chargeable.exchange,17,69070
core.chargeable.advancemailsec,17,69087
core.chargeable.exchange,1,69088
core.chargeable.advancemailsec,1,69089
core.chargeable.exchange,4,69093
core.chargeable.advancemailsec,4,69097
core.chargeable.exchange,22,69119
core.chargeable.advancemailsec,22,69141
core.chargeable.exchange,5,69146
core.chargeable.advancemailsec,5,69151
core.chargeable.exchange,5,69156
core.chargeable.advancemailsec,5,69161
core.chargeable.exchange,1,69162
core.chargeable.advancemailsec,1,69163
core.chargeable.exchange,5,69168
core.chargeable.advancemailsec,5,69173
core.chargeable.exchange,180,69353
core.chargeable.resource,7,69360
core.chargeable.advancemailsec,180,69540
core.chargeable.exchange,1,69541
core.chargeable.advancemailsec,1,69542
core.chargeable.exchange,1,69543
core.chargeable.advancemailsec,1,69544
core.chargeable.exchange,2,69546
core.chargeable.advancemailsec,2,69548
core.chargeable.exchange,6,69554
core.chargeable.advancemailsec,6,69560
core.chargeable.exchange,5,69565
core.chargeable.advancemailsec,5,69570
core.chargeable.exchange,2,69572
core.chargeable.advancemailsec,2,69574
core.chargeable.exchange,25,69599
core.chargeable.advancemailsec,25,69624
core.chargeable.owa,3,69627
core.chargeable.activesync,3,69630
core.chargeable.advancemailsec,3,69633
core.chargeable.exchange,1,69634
core.chargeable.advancemailsec,1,69635
core.chargeable.exchange,20,69655
core.chargeable.advancemailsec,20,69675
core.chargeable.exchange,7,69682
core.chargeable.advancemailsec,7,69689
core.chargeable.exchange,1,69690
core.chargeable.advancemailsec,1,69691
core.chargeable.exchange,6,69697
core.chargeable.advancemailsec,6,69703
core.chargeable.exchange,5,69708
core.chargeable.advancemailsec,5,69713
core.chargeable.exchange,11,69724
core.chargeable.advancemailsec,11,69735
core.chargeable.exchange,9,69744
core.chargeable.advancemailsec,9,69753
core.chargeable.exchange,12,69765
core.chargeable.advancemailsec,12,69777
core.chargeable.exchange,4,69781
core.chargeable.advancemailsec,4,69785
core.chargeable.exchange,1,69786
core.chargeable.advancemailsec,1,69787
core.chargeable.exchange,4,69791
core.chargeable.advancemailsec,4,69795
core.chargeable.exchange,3,69798
core.chargeable.advancemailsec,3,69801
core.chargeable.exchange,2,69803
core.chargeable.advancemailsec,2,69805
core.chargeable.exchange,2,69807
core.chargeable.advancemailsec,2,69809
core.chargeable.exchange,5,69814
core.chargeable.advancemailsec,5,69819
core.chargeable.exchange,7,69826
core.chargeable.advancemailsec,7,69833
core.chargeable.exchange,3,69836
core.chargeable.advancemailsec,3,69839
core.chargeable.exchange,1,69840
core.chargeable.advancemailsec,1,69841
core.chargeable.exchange,1,69842
core.chargeable.advancemailsec,1,69843
core.chargeable.exchange,9,69852
core.chargeable.advancemailsec,9,69861
core.chargeable.exchange,2,69863
core.chargeable.advancemailsec,2,69865
core.chargeable.exchange,1,69866
core.chargeable.advancemailsec,1,69867
core.chargeable.exchange,7,69874
core.chargeable.advancemailsec,7,69881
core.chargeable.exchange,1,69882
core.chargeable.advancemailsec,1,69883
core.chargeable.exchange,3,69886
core.chargeable.advancemailsec,3,69889
core.chargeable.exchange,1,69890
core.chargeable.advancemailsec,1,69891
core.chargeable.exchange,3,69894
core.chargeable.advancemailsec,3,69897
core.chargeable.exchange,1,69898
core.chargeable.advancemailsec,1,69899
core.chargeable.exchange,10,69909
core.chargeable.advancemailsec,10,69919
core.chargeable.exchange,5,69924
core.chargeable.advancemailsec,5,69929
core.chargeable.exchange,4,69933
core.chargeable.advancemailsec,4,69937
core.chargeable.addowaspace,9000,78937
core.chargeable.owa,2,78939
core.chargeable.activesync,2,78941
core.chargeable.advancemailsec,2,78943
core.chargeable.exchange,1,78944
core.chargeable.advancemailsec,1,78945
core.chargeable.exchange,3,78948
core.chargeable.advancemailsec,3,78951
core.chargeable.exchange,1,78952
core.chargeable.advancemailsec,1,78953
core.chargeable.exchange,2,78955
core.chargeable.advancemailsec,2,78957
core.chargeable.exchange,1,78958
core.chargeable.advancemailsec,1,78959
core.chargeable.exchange,9,78968
core.chargeable.advancemailsec,9,78977
core.chargeable.exchange,1,78978
core.chargeable.advancemailsec,1,78979
core.chargeable.exchange,2,78981
core.chargeable.advancemailsec,2,78983
core.chargeable.exchange,1,78984
core.chargeable.advancemailsec,1,78985
core.chargeable.exchange,22,79007
core.chargeable.addspspace,4000,83007
core.chargeable.advancemailsec,22,83029
core.chargeable.exchange,1,83030
core.chargeable.advancemailsec,1,83031
core.chargeable.exchange,14,83045
core.chargeable.advancemailsec,14,83059
core.chargeable.exchange,14,83073
core.chargeable.advancemailsec,14,83087
core.chargeable.exchange,5,83092
core.chargeable.addpubfolder,1,83093
core.chargeable.advancemailsec,5,83098
core.chargeable.exchange,4,83102
core.chargeable.advancemailsec,4,83106
core.chargeable.exchange,1,83107
core.chargeable.advancemailsec,1,83108
core.chargeable.exchange,1,83109
core.chargeable.advancemailsec,1,83110
core.chargeable.exchange,3,83113
core.chargeable.advancemailsec,3,83116
core.chargeable.exchange,10,83126
core.chargeable.advancemailsec,10,83136
core.chargeable.exchange,1,83137
core.chargeable.advancemailsec,1,83138
core.chargeable.exchange,3,83141
core.chargeable.advancemailsec,3,83144
core.chargeable.exchange,1,83145
core.chargeable.advancemailsec,1,83146
core.chargeable.exchange,1,83147
core.chargeable.advancemailsec,1,83148
core.chargeable.exchange,5,83153
core.chargeable.advancemailsec,5,83158
core.chargeable.exchange,13,83171
core.chargeable.advancemailsec,13,83184
core.chargeable.exchange,12,83196
core.chargeable.advancemailsec,12,83208
core.chargeable.exchange,48,83256
core.chargeable.advancemailsec,48,83304
core.chargeable.exchange,4,83308
core.chargeable.advancemailsec,4,83312
core.chargeable.exchange,1,83313
core.chargeable.advancemailsec,1,83314
core.chargeable.exchange,1,83315
core.chargeable.advancemailsec,1,83316
core.chargeable.exchange,4,83320
core.chargeable.advancemailsec,4,83324
core.chargeable.exchange,8,83332
core.chargeable.advancemailsec,8,83340
core.chargeable.exchange,8,83348
core.chargeable.advancemailsec,8,83356
core.chargeable.exchange,4,83360
core.chargeable.advancemailsec,4,83364
core.chargeable.exchange,3,83367
core.chargeable.advancemailsec,3,83370
core.chargeable.exchange,4,83374
core.chargeable.advancemailsec,4,83378
core.chargeable.exchange,1,83379
core.chargeable.advancemailsec,1,83380
core.chargeable.exchange,3,83383
core.chargeable.advancemailsec,3,83386
core.chargeable.owa,2,83388
core.chargeable.activesync,2,83390
core.chargeable.advancemailsec,2,83392
core.chargeable.exchange,1,83393
core.chargeable.advancemailsec,1,83394
core.chargeable.exchange,1,83395
core.chargeable.advancemailsec,1,83396
core.chargeable.exchange,1,83397
core.chargeable.advancemailsec,1,83398
core.chargeable.exchange,13,83411
core.chargeable.advancemailsec,13,83424
core.chargeable.exchange,1,83425
core.chargeable.advancemailsec,1,83426
core.chargeable.exchange,4,83430
core.chargeable.advancemailsec,4,83434
core.chargeable.exchange,11,83445
core.chargeable.advancemailsec,11,83456
core.chargeable.exchange,4,83460
core.chargeable.advancemailsec,4,83464
core.chargeable.exchange,21,83485
core.chargeable.advancemailsec,21,83506
core.chargeable.exchange,67,83573
core.chargeable.advancemailsec,67,83640
core.chargeable.exchange,30,83670
core.chargeable.advancemailsec,30,83700
core.chargeable.exchange,1,83701
core.chargeable.advancemailsec,1,83702
core.chargeable.exchange,2,83704
core.chargeable.advancemailsec,2,83706
core.chargeable.exchange,6,83712
core.chargeable.advancemailsec,6,83718
core.chargeable.exchange,1,83719
core.chargeable.advancemailsec,1,83720
core.chargeable.encrygateway,16,83736
core.chargeable.exchange,16,83752
core.chargeable.archivemailbox,1,83753
core.chargeable.advancemailsec,16,83769
core.chargeable.exchange,3,83772
core.chargeable.advancemailsec,3,83775
core.chargeable.exchange,1,83776
core.chargeable.advancemailsec,1,83777
core.chargeable.exchange,1,83778
core.chargeable.advancemailsec,1,83779
core.chargeable.exchange,3,83782
core.chargeable.advancemailsec,3,83785
core.chargeable.exchange,3,83788
core.chargeable.advancemailsec,3,83791
core.chargeable.exchange,1,83792
core.chargeable.advancemailsec,1,83793
core.chargeable.exchange,5,83798
core.chargeable.advancemailsec,5,83803
core.chargeable.exchange,11,83814
core.chargeable.advancemailsec,11,83825
core.chargeable.exchange,17,83842
core.chargeable.advancemailsec,17,83859
core.chargeable.exchange,5,83864
core.chargeable.advancemailsec,5,83869
core.chargeable.exchange,1,83870
core.chargeable.advancemailsec,1,83871
core.chargeable.exchange,2,83873
core.chargeable.advancemailsec,2,83875
core.chargeable.exchange,26,83901
core.chargeable.advancemailsec,26,83927
core.chargeable.exchange,1,83928
core.chargeable.advancemailsec,1,83929
core.chargeable.exchange,13,83942
core.chargeable.advancemailsec,13,83955
core.chargeable.outlook,10,83965
core.chargeable.exchange,10,83975
core.chargeable.advancemailsec,10,83985
core.chargeable.exchange,2,83987
core.chargeable.advancemailsec,2,83989
core.chargeable.exchange,4,83993
core.chargeable.advancemailsec,4,83997
core.chargeable.exchange,2,83999
core.chargeable.advancemailsec,2,84001
core.chargeable.exchange,1,84002
core.chargeable.advancemailsec,1,84003
core.chargeable.exchange,1,84004
core.chargeable.advancemailsec,1,84005
core.chargeable.exchange,50,84055
core.chargeable.advancemailsec,50,84105
core.chargeable.encrygateway,9,84114
core.chargeable.outlook,9,84123
core.chargeable.exchange,9,84132
core.chargeable.advancemailsec,9,84141
core.chargeable.addowaspace,147000,231141
core.chargeable.owa,17,231158
core.chargeable.activesync,17,231175
core.chargeable.advancemailsec,17,231192
core.chargeable.exchange,6,231198
core.chargeable.advancemailsec,6,231204
core.chargeable.exchange,3,231207
core.chargeable.advancemailsec,3,231210
core.chargeable.exchange,4,231214
core.chargeable.advancemailsec,4,231218
core.chargeable.exchange,5,231223
core.chargeable.archivemailbox,1,231224
core.chargeable.advancemailsec,5,231229
core.chargeable.exchange,6,231235
core.chargeable.advancemailsec,6,231241
core.chargeable.exchange,6,231247
core.chargeable.advancemailsec,6,231253
core.chargeable.exchange,3,231256
core.chargeable.advancemailsec,3,231259
core.chargeable.exchange,16,231275
core.chargeable.archivemailbox,1,231276
core.chargeable.advancemailsec,16,231292
core.chargeable.exchange,4,231296
core.chargeable.advancemailsec,4,231300
core.chargeable.exchange,1,231301
core.chargeable.advancemailsec,1,231302
core.chargeable.exchange,3,231305
core.chargeable.advancemailsec,3,231308
core.chargeable.exchange,1,231309
core.chargeable.advancemailsec,1,231310
core.chargeable.exchange,1,231311
core.chargeable.advancemailsec,1,231312
core.chargeable.exchange,2,231314
core.chargeable.advancemailsec,2,231316
core.chargeable.exchange,6,231322
core.chargeable.advancemailsec,6,231328
core.chargeable.exchange,6,231334
core.chargeable.advancemailsec,6,231340
core.chargeable.exchange,2,231342
core.chargeable.advancemailsec,2,231344
core.chargeable.exchange,6,231350
core.chargeable.advancemailsec,6,231356
core.chargeable.exchange,1,231357
core.chargeable.advancemailsec,1,231358
core.chargeable.exchange,1,231359
core.chargeable.advancemailsec,1,231360
core.chargeable.exchange,15,231375
core.chargeable.advancemailsec,15,231390
core.chargeable.exchange,17,231407
core.chargeable.advancemailsec,17,231424
core.chargeable.addowaspace,21000,252424
core.chargeable.owa,11,252435
core.chargeable.activesync,11,252446
core.chargeable.advancemailsec,11,252457
core.chargeable.exchange,3,252460
core.chargeable.advancemailsec,3,252463
core.chargeable.exchange,1,252464
core.chargeable.advancemailsec,1,252465
core.chargeable.exchange,8,252473
core.chargeable.advancemailsec,8,252481
core.chargeable.exchange,8,252489
core.chargeable.advancemailsec,8,252497
core.chargeable.exchange,1,252498
core.chargeable.advancemailsec,1,252499
core.chargeable.exchange,1,252500
core.chargeable.advancemailsec,1,252501
core.chargeable.exchange,1,252502
core.chargeable.advancemailsec,1,252503
core.chargeable.exchange,1,252504
core.chargeable.advancemailsec,1,252505
core.chargeable.exchange,1,252506
core.chargeable.advancemailsec,1,252507
core.chargeable.exchange,1,252508
core.chargeable.advancemailsec,1,252509
core.chargeable.exchange,3,252512
core.chargeable.advancemailsec,3,252515
core.chargeable.exchange,4,252519
core.chargeable.advancemailsec,4,252523
core.chargeable.exchange,23,252546
core.chargeable.advancemailsec,23,252569
core.chargeable.exchange,35,252604
core.chargeable.advancemailsec,35,252639
core.chargeable.exchange,3,252642
core.chargeable.advancemailsec,3,252645
core.chargeable.exchange,7,252652
core.chargeable.advancemailsec,7,252659
core.chargeable.exchange,1,252660
core.chargeable.archivemailbox,1,252661
core.chargeable.advancemailsec,1,252662
core.chargeable.exchange,1,252663
core.chargeable.advancemailsec,1,252664
core.chargeable.exchange,20,252684
core.chargeable.advancemailsec,20,252704
core.chargeable.exchange,1,252705
core.chargeable.advancemailsec,1,252706
core.chargeable.exchange,4,252710
core.chargeable.advancemailsec,4,252714
core.chargeable.exchange,16,252730
core.chargeable.advancemailsec,16,252746
core.chargeable.exchange,9,252755
core.chargeable.advancemailsec,9,252764
core.chargeable.exchange,14,252778
core.chargeable.advancemailsec,14,252792
core.chargeable.exchange,1,252793
core.chargeable.advancemailsec,1,252794
core.chargeable.exchange,91,252885
core.chargeable.advancemailsec,91,252976
core.chargeable.exchange,2,252978
core.chargeable.advancemailsec,2,252980
core.chargeable.exchange,1,252981
core.chargeable.advancemailsec,1,252982
core.chargeable.exchange,1,252983
core.chargeable.advancemailsec,1,252984
core.chargeable.exchange,1,252985
core.chargeable.advancemailsec,1,252986
core.chargeable.exchange,1,252987
core.chargeable.advancemailsec,1,252988
core.chargeable.exchange,1,252989
core.chargeable.advancemailsec,1,252990
core.chargeable.exchange,1,252991
core.chargeable.advancemailsec,1,252992
core.chargeable.exchange,1,252993
core.chargeable.advancemailsec,1,252994
core.chargeable.exchange,14,253008
core.chargeable.advancemailsec,14,253022
core.chargeable.exchange,2,253024
core.chargeable.owa,1,253025
core.chargeable.activesync,1,253026
core.chargeable.advancemailsec,3,253029
core.chargeable.exchange,1,253030
core.chargeable.advancemailsec,1,253031
core.chargeable.exchange,1,253032
core.chargeable.advancemailsec,1,253033
core.chargeable.exchange,1,253034
core.chargeable.advancemailsec,1,253035
core.chargeable.exchange,1,253036
core.chargeable.advancemailsec,1,253037
core.chargeable.exchange,5,253042
core.chargeable.advancemailsec,5,253047
core.chargeable.exchange,8,253055
core.chargeable.advancemailsec,8,253063
core.chargeable.exchange,2,253065
core.chargeable.advancemailsec,2,253067
core.chargeable.exchange,1,253068
core.chargeable.advancemailsec,1,253069
core.chargeable.exchange,8,253077
core.chargeable.advancemailsec,8,253085
core.chargeable.exchange,1,253086
core.chargeable.advancemailsec,1,253087
core.chargeable.exchange,2,253089
core.chargeable.advancemailsec,2,253091
core.chargeable.exchange,1,253092
core.chargeable.advancemailsec,1,253093
core.chargeable.exchange,1,253094
core.chargeable.advancemailsec,1,253095
core.chargeable.exchange,1,253096
core.chargeable.advancemailsec,1,253097
core.chargeable.exchange,2,253099
core.chargeable.advancemailsec,2,253101
core.chargeable.exchange,2,253103
core.chargeable.advancemailsec,2,253105
core.chargeable.exchange,1,253106
core.chargeable.advancemailsec,1,253107
core.chargeable.exchange,1,253108
core.chargeable.advancemailsec,1,253109
core.chargeable.exchange,1,253110
core.chargeable.advancemailsec,1,253111
core.chargeable.exchange,1,253112
core.chargeable.advancemailsec,1,253113
core.chargeable.exchange,2,253115
core.chargeable.advancemailsec,2,253117
core.chargeable.exchange,8,253125
core.chargeable.advancemailsec,8,253133
core.chargeable.exchange,1,253134
core.chargeable.advancemailsec,1,253135
core.chargeable.exchange,1,253136
core.chargeable.advancemailsec,1,253137
core.chargeable.exchange,1,253138
core.chargeable.advancemailsec,1,253139
core.chargeable.exchange,1,253140
core.chargeable.advancemailsec,1,253141
core.chargeable.exchange,1,253142
core.chargeable.advancemailsec,1,253143
core.chargeable.exchange,1,253144
core.chargeable.advancemailsec,1,253145
core.chargeable.exchange,6,253151
core.chargeable.advancemailsec,6,253157
core.chargeable.exchange,1,253158
core.chargeable.advancemailsec,1,253159
core.chargeable.exchange,2,253161
core.chargeable.advancemailsec,2,253163
core.chargeable.exchange,1,253164
core.chargeable.advancemailsec,1,253165
core.chargeable.exchange,1,253166
core.chargeable.advancemailsec,1,253167
core.chargeable.exchange,13,253180
core.chargeable.advancemailsec,13,253193
core.chargeable.exchange,4,253197
core.chargeable.advancemailsec,4,253201
core.chargeable.exchange,3,253204
core.chargeable.advancemailsec,3,253207
core.chargeable.exchange,3,253210
core.chargeable.advancemailsec,3,253213
core.chargeable.exchange,1,253214
core.chargeable.advancemailsec,1,253215
core.chargeable.exchange,1,253216
core.chargeable.advancemailsec,1,253217
core.chargeable.exchange,1,253218
core.chargeable.advancemailsec,1,253219
core.chargeable.exchange,1,253220
core.chargeable.advancemailsec,1,253221
core.chargeable.exchange,13,253234
core.chargeable.advancemailsec,13,253247
core.chargeable.exchange,1,253248
core.chargeable.advancemailsec,1,253249
core.chargeable.exchange,1,253250
core.chargeable.advancemailsec,1,253251
core.chargeable.exchange,29,253280
core.chargeable.advancemailsec,29,253309
core.chargeable.exchange,3,253312
core.chargeable.advancemailsec,3,253315
core.chargeable.exchange,1,253316
core.chargeable.advancemailsec,1,253317
core.chargeable.exchange,1,253318
core.chargeable.advancemailsec,1,253319
core.chargeable.exchange,2,253321
core.chargeable.advancemailsec,2,253323
core.chargeable.exchange,8,253331
core.chargeable.advancemailsec,8,253339
core.chargeable.exchange,1,253340
core.chargeable.advancemailsec,1,253341
core.chargeable.exchange,5,253346
core.chargeable.advancemailsec,5,253351
core.chargeable.exchange,2,253353
core.chargeable.advancemailsec,2,253355
core.chargeable.exchange,5,253360
core.chargeable.advancemailsec,5,253365
core.chargeable.exchange,7,253372
core.chargeable.advancemailsec,7,253379
core.chargeable.exchange,2,253381
core.chargeable.advancemailsec,2,253383
core.chargeable.exchange,1,253384
core.chargeable.advancemailsec,1,253385
core.chargeable.exchange,2,253387
core.chargeable.advancemailsec,2,253389
core.chargeable.exchange,1,253390
core.chargeable.advancemailsec,1,253391
core.chargeable.exchange,2,253393
core.chargeable.advancemailsec,2,253395
core.chargeable.exchange,1,253396
core.chargeable.advancemailsec,1,253397
core.chargeable.exchange,2,253399
core.chargeable.advancemailsec,2,253401
core.chargeable.outlook,63,253464
core.chargeable.exchange,63,253527
core.chargeable.advancemailsec,63,253590
core.chargeable.exchange,6,253596
core.chargeable.advancemailsec,6,253602
core.chargeable.exchange,3,253605
core.chargeable.advancemailsec,3,253608
core.chargeable.exchange,19,253627
core.chargeable.advancemailsec,19,253646
core.chargeable.exchange,3,253649
core.chargeable.advancemailsec,3,253652
core.chargeable.exchange,1,253653
core.chargeable.advancemailsec,1,253654
core.chargeable.exchange,15,253669
core.chargeable.advancemailsec,15,253684
core.chargeable.exchange,19,253703
core.chargeable.advancemailsec,19,253722
core.chargeable.exchange,8,253730
core.chargeable.advancemailsec,8,253738
core.chargeable.exchange,2,253740
core.chargeable.advancemailsec,2,253742
core.chargeable.exchange,1,253743
core.chargeable.advancemailsec,1,253744
core.chargeable.exchange,4,253748
core.chargeable.advancemailsec,4,253752
core.chargeable.exchange,2,253754
core.chargeable.advancemailsec,2,253756
core.chargeable.exchange,34,253790
core.chargeable.advancemailsec,34,253824
core.chargeable.exchange,1,253825
core.chargeable.advancemailsec,1,253826
core.chargeable.exchange,3,253829
core.chargeable.advancemailsec,3,253832
core.chargeable.exchange,15,253847
core.chargeable.advancemailsec,15,253862
core.chargeable.exchange,30,253892
core.chargeable.advancemailsec,30,253922
core.chargeable.exchange,4,253926
core.chargeable.advancemailsec,4,253930
core.chargeable.exchange,14,253944
core.chargeable.advancemailsec,14,253958
core.chargeable.exchange,1,253959
core.chargeable.advancemailsec,1,253960
core.chargeable.exchange,7,253967
core.chargeable.advancemailsec,7,253974
core.chargeable.exchange,1,253975
core.chargeable.advancemailsec,1,253976
core.chargeable.exchange,1,253977
core.chargeable.advancemailsec,1,253978
core.chargeable.exchange,10,253988
core.chargeable.advancemailsec,10,253998
core.chargeable.exchange,7,254005
core.chargeable.advancemailsec,7,254012
core.chargeable.exchange,3,254015
core.chargeable.advancemailsec,3,254018
core.chargeable.exchange,2,254020
core.chargeable.advancemailsec,2,254022
core.chargeable.exchange,9,254031
core.chargeable.advancemailsec,9,254040
core.chargeable.exchange,3,254043
core.chargeable.advancemailsec,3,254046
core.chargeable.owa,1,254047
core.chargeable.activesync,1,254048
core.chargeable.advancemailsec,1,254049
core.chargeable.exchange,1,254050
core.chargeable.advancemailsec,1,254051
core.chargeable.exchange,1,254052
core.chargeable.advancemailsec,1,254053
core.chargeable.exchange,1,254054
core.chargeable.advancemailsec,1,254055
core.chargeable.exchange,1,254056
core.chargeable.advancemailsec,1,254057
core.chargeable.outlook,1,254058
core.chargeable.exchange,1,254059
core.chargeable.advancemailsec,1,254060
core.chargeable.exchange,1,254061
core.chargeable.advancemailsec,1,254062
core.chargeable.exchange,16,254078
core.chargeable.advancemailsec,16,254094
core.chargeable.exchange,3,254097
core.chargeable.advancemailsec,3,254100
core.chargeable.exchange,1,254101
core.chargeable.advancemailsec,1,254102
core.chargeable.exchange,5,254107
core.chargeable.advancemailsec,5,254112
core.chargeable.exchange,3,254115
core.chargeable.advancemailsec,3,254118
core.chargeable.exchange,23,254141
core.chargeable.advancemailsec,23,254164
core.chargeable.exchange,50,254214
core.chargeable.advancemailsec,50,254264
core.chargeable.exchange,2,254266
core.chargeable.advancemailsec,2,254268
core.chargeable.exchange,5,254273
core.chargeable.advancemailsec,5,254278
core.chargeable.exchange,24,254302
core.chargeable.advancemailsec,24,254326
core.chargeable.exchange,274,254600
core.chargeable.archivemailbox,272,254872
core.chargeable.advancemailsec,274,255146
core.chargeable.exchange,1,255147
core.chargeable.advancemailsec,1,255148
core.chargeable.exchange,174,255322
core.chargeable.advancemailsec,174,255496
core.chargeable.exchange,1,255497
core.chargeable.advancemailsec,1,255498
core.chargeable.exchange,1,255499
core.chargeable.owa,1,255500
core.chargeable.activesync,1,255501
core.chargeable.advancemailsec,2,255503
core.chargeable.exchange,1,255504
core.chargeable.advancemailsec,1,255505
core.chargeable.exchange,1,255506
core.chargeable.advancemailsec,1,255507
core.chargeable.exchange,2,255509
core.chargeable.advancemailsec,2,255511
core.chargeable.exchange,1,255512
core.chargeable.advancemailsec,1,255513
core.chargeable.exchange,2,255515
core.chargeable.advancemailsec,2,255517
core.chargeable.exchange,2,255519
core.chargeable.advancemailsec,2,255521
core.chargeable.exchange,1,255522
core.chargeable.advancemailsec,1,255523
core.chargeable.exchange,19,255542
core.chargeable.advancemailsec,19,255561
core.chargeable.exchange,1,255562
core.chargeable.advancemailsec,1,255563
core.chargeable.encrymsg,5,255568
core.chargeable.encrygateway,5,255573
core.chargeable.exchange,5,255578
core.chargeable.advancemailsec,5,255583
core.chargeable.exchange,5,255588
core.chargeable.advancemailsec,5,255593
core.chargeable.exchange,1,255594
core.chargeable.advancemailsec,1,255595
core.chargeable.outlook,11,255606
core.chargeable.exchange,11,255617
core.chargeable.advancemailsec,11,255628
core.chargeable.exchange,2,255630
core.chargeable.advancemailsec,2,255632
core.chargeable.exchange,1,255633
core.chargeable.advancemailsec,1,255634
core.chargeable.exchange,1,255635
core.chargeable.advancemailsec,1,255636
core.chargeable.exchange,6,255642
core.chargeable.advancemailsec,6,255648
core.chargeable.exchange,15,255663
core.chargeable.advancemailsec,15,255678
core.chargeable.exchange,4,255682
core.chargeable.advancemailsec,4,255686
core.chargeable.exchange,2,255688
core.chargeable.advancemailsec,2,255690
core.chargeable.exchange,4,255694
core.chargeable.advancemailsec,4,255698
core.chargeable.exchange,2,255700
core.chargeable.advancemailsec,2,255702
core.chargeable.exchange,1,255703
core.chargeable.advancemailsec,1,255704
core.chargeable.exchange,1,255705
core.chargeable.advancemailsec,1,255706
core.chargeable.exchange,1,255707
core.chargeable.advancemailsec,1,255708
core.chargeable.exchange,1,255709
core.chargeable.advancemailsec,1,255710
core.chargeable.exchange,1,255711
core.chargeable.advancemailsec,1,255712
core.chargeable.exchange,1,255713
core.chargeable.advancemailsec,1,255714
core.chargeable.exchange,6,255720
core.chargeable.advancemailsec,6,255726
core.chargeable.exchange,1,255727
core.chargeable.advancemailsec,1,255728
core.chargeable.exchange,1,255729
core.chargeable.advancemailsec,1,255730
core.chargeable.exchange,2,255732
core.chargeable.advancemailsec,2,255734
core.chargeable.exchange,3,255737
core.chargeable.archivemailbox,1,255738
core.chargeable.advancemailsec,3,255741
core.chargeable.exchange,5,255746
core.chargeable.advancemailsec,5,255751
core.chargeable.exchange,1,255752
core.chargeable.advancemailsec,1,255753
core.chargeable.exchange,1,255754
core.chargeable.advancemailsec,1,255755
core.chargeable.exchange,1,255756
core.chargeable.advancemailsec,1,255757
core.chargeable.exchange,1,255758
core.chargeable.advancemailsec,1,255759
core.chargeable.exchange,4,255763
core.chargeable.advancemailsec,4,255767
core.chargeable.exchange,13,255780
core.chargeable.advancemailsec,13,255793
core.chargeable.encrygateway,13,255806
core.chargeable.exchange,13,255819
core.chargeable.advancemailsec,13,255832
core.chargeable.exchange,1,255833
core.chargeable.advancemailsec,1,255834
core.chargeable.exchange,3,255837
core.chargeable.advancemailsec,3,255840
core.chargeable.exchange,4,255844
core.chargeable.advancemailsec,4,255848
core.chargeable.exchange,3,255851
core.chargeable.advancemailsec,3,255854
core.chargeable.exchange,3,255857
core.chargeable.advancemailsec,3,255860
core.chargeable.exchange,8,255868
core.chargeable.archivemailbox,8,255876
core.chargeable.advancemailsec,8,255884
core.chargeable.exchange,4,255888
core.chargeable.advancemailsec,4,255892
core.chargeable.exchange,10,255902
core.chargeable.advancemailsec,10,255912
core.chargeable.exchange,1,255913
core.chargeable.advancemailsec,1,255914
core.chargeable.exchange,3,255917
core.chargeable.advancemailsec,3,255920
core.chargeable.exchange,24,255944
core.chargeable.resource,1,255945
core.chargeable.advancemailsec,24,255969
core.chargeable.exchange,4,255973
core.chargeable.advancemailsec,4,255977
core.chargeable.exchange,9,255986
core.chargeable.advancemailsec,9,255995
core.chargeable.exchange,7,256002
core.chargeable.advancemailsec,7,256009
core.chargeable.exchange,3,256012
core.chargeable.owa,1,256013
core.chargeable.activesync,1,256014
core.chargeable.advancemailsec,4,256018
core.chargeable.exchange,8,256026
core.chargeable.archivemailbox,8,256034
core.chargeable.advancemailsec,8,256042
core.chargeable.exchange,11,256053
core.chargeable.archivemailbox,11,256064
core.chargeable.advancemailsec,11,256075
core.chargeable.exchange,5,256080
core.chargeable.advancemailsec,5,256085
core.chargeable.exchange,3,256088
core.chargeable.advancemailsec,3,256091
core.chargeable.exchange,7,256098
core.chargeable.advancemailsec,7,256105
core.chargeable.exchange,3,256108
core.chargeable.advancemailsec,3,256111
core.chargeable.exchange,1,256112
core.chargeable.advancemailsec,1,256113
core.chargeable.exchange,6,256119
core.chargeable.advancemailsec,6,256125
core.chargeable.exchange,5,256130
core.chargeable.advancemailsec,5,256135
core.chargeable.exchange,5,256140
core.chargeable.advancemailsec,5,256145
core.chargeable.exchange,2,256147
core.chargeable.advancemailsec,2,256149
core.chargeable.encrygateway,9,256158
core.chargeable.exchange,9,256167
core.chargeable.advancemailsec,9,256176
core.chargeable.exchange,10,256186
core.chargeable.advancemailsec,10,256196
core.chargeable.exchange,7,256203
core.chargeable.advancemailsec,7,256210
core.chargeable.encrygateway,74,256284
core.chargeable.exchange,74,256358
core.chargeable.advancemailsec,74,256432
core.chargeable.exchange,6,256438
core.chargeable.archivemailbox,6,256444
core.chargeable.advancemailsec,6,256450
core.chargeable.exchange,11,256461
core.chargeable.advancemailsec,11,256472
core.chargeable.exchange,3,256475
core.chargeable.advancemailsec,3,256478
core.chargeable.exchange,9,256487
core.chargeable.advancemailsec,9,256496
core.chargeable.exchange,9,256505
core.chargeable.archivemailbox,9,256514
core.chargeable.advancemailsec,9,256523
core.chargeable.encrygateway,1,256524
core.chargeable.exchange,1,256525
core.chargeable.advancemailsec,1,256526
core.chargeable.exchange,1,256527
core.chargeable.advancemailsec,1,256528
core.chargeable.exchange,7,256535
core.chargeable.advancemailsec,7,256542
core.chargeable.exchange,2,256544
core.chargeable.advancemailsec,2,256546
core.chargeable.exchange,4,256550
core.chargeable.advancemailsec,4,256554
core.chargeable.exchange,1,256555
core.chargeable.advancemailsec,1,256556
core.chargeable.exchange,1,256557
core.chargeable.advancemailsec,1,256558
core.chargeable.exchange,3,256561
core.chargeable.advancemailsec,3,256564
core.chargeable.encrygateway,2,256566
core.chargeable.exchange,2,256568
core.chargeable.advancemailsec,2,256570
core.chargeable.exchange,2,256572
core.chargeable.advancemailsec,2,256574
core.chargeable.exchange,2,256576
core.chargeable.advancemailsec,2,256578
core.chargeable.exchange,1,256579
core.chargeable.advancemailsec,1,256580
core.chargeable.exchange,16,256596
core.chargeable.archivemailbox,16,256612
core.chargeable.advancemailsec,16,256628
core.chargeable.exchange,4,256632
core.chargeable.advancemailsec,4,256636
core.chargeable.exchange,2,256638
core.chargeable.advancemailsec,2,256640
core.chargeable.exchange,1,256641
core.chargeable.advancemailsec,1,256642
core.chargeable.exchange,1,256643
core.chargeable.archivemailbox,1,256644
core.chargeable.advancemailsec,1,256645
core.chargeable.exchange,11,256656
core.chargeable.advancemailsec,11,256667
core.chargeable.exchange,2,256669
core.chargeable.archivemailbox,2,256671
core.chargeable.advancemailsec,2,256673
core.chargeable.exchange,3,256676
core.chargeable.advancemailsec,3,256679
core.chargeable.exchange,3,256682
core.chargeable.advancemailsec,3,256685
core.chargeable.exchange,4,256689
core.chargeable.advancemailsec,4,256693
core.chargeable.exchange,9,256702
core.chargeable.advancemailsec,9,256711
core.chargeable.exchange,17,256728
core.chargeable.advancemailsec,17,256745
core.chargeable.exchange,14,256759
core.chargeable.advancemailsec,14,256773
core.chargeable.exchange,1,256774
core.chargeable.advancemailsec,1,256775
core.chargeable.exchange,3,256778
core.chargeable.advancemailsec,3,256781
core.chargeable.exchange,1,256782
core.chargeable.advancemailsec,1,256783
core.chargeable.exchange,1,256784
core.chargeable.advancemailsec,1,256785
core.chargeable.exchange,1,256786
core.chargeable.advancemailsec,1,256787
core.chargeable.exchange,41,256828
core.chargeable.advancemailsec,41,256869
core.chargeable.exchange,1,256870
core.chargeable.advancemailsec,1,256871
core.chargeable.exchange,5,256876
core.chargeable.advancemailsec,5,256881
core.chargeable.exchange,3,256884
core.chargeable.advancemailsec,3,256887
core.chargeable.exchange,12,256899
core.chargeable.advancemailsec,12,256911
core.chargeable.exchange,2,256913
core.chargeable.advancemailsec,2,256915
core.chargeable.exchange,2,256917
core.chargeable.advancemailsec,2,256919
core.chargeable.exchange,1,256920
core.chargeable.advancemailsec,1,256921
core.chargeable.exchange,16,256937
core.chargeable.advancemailsec,16,256953
core.chargeable.exchange,10,256963
core.chargeable.advancemailsec,10,256973
core.chargeable.exchange,1,256974
core.chargeable.advancemailsec,1,256975
core.chargeable.exchange,22,256997
core.chargeable.advancemailsec,22,257019
core.chargeable.exchange,8,257027
core.chargeable.advancemailsec,8,257035
core.chargeable.exchange,2,257037
core.chargeable.advancemailsec,2,257039
core.chargeable.exchange,5,257044
core.chargeable.archivemailbox,5,257049
core.chargeable.advancemailsec,5,257054
core.chargeable.exchange,1,257055
core.chargeable.advancemailsec,1,257056
core.chargeable.exchange,10,257066
core.chargeable.archivemailbox,10,257076
core.chargeable.advancemailsec,10,257086
core.chargeable.encrymsg,6,257092
core.chargeable.encrygateway,6,257098
core.chargeable.exchange,6,257104
core.chargeable.advancemailsec,6,257110
core.chargeable.exchange,11,257121
core.chargeable.advancemailsec,11,257132
core.chargeable.exchange,5,257137
core.chargeable.advancemailsec,5,257142
core.chargeable.exchange,17,257159
core.chargeable.archivemailbox,17,257176
core.chargeable.advancemailsec,17,257193
core.chargeable.exchange,3,257196
core.chargeable.advancemailsec,3,257199
core.chargeable.exchange,10,257209
core.chargeable.archivemailbox,10,257219
core.chargeable.advancemailsec,10,257229
core.chargeable.exchange,143,257372
core.chargeable.advancemailsec,143,257515
core.chargeable.exchange,1,257516
core.chargeable.advancemailsec,1,257517
core.chargeable.exchange,5,257522
core.chargeable.advancemailsec,5,257527
core.chargeable.exchange,1,257528
core.chargeable.advancemailsec,1,257529
core.chargeable.exchange,5,257534
core.chargeable.advancemailsec,5,257539
core.chargeable.exchange,1,257540
core.chargeable.advancemailsec,1,257541
core.chargeable.exchange,1,257542
core.chargeable.advancemailsec,1,257543
core.chargeable.exchange,1,257544
core.chargeable.advancemailsec,1,257545
core.chargeable.exchange,15,257560
core.chargeable.advancemailsec,15,257575
core.chargeable.exchange,1,257576
core.chargeable.advancemailsec,1,257577
core.chargeable.exchange,4,257581
core.chargeable.advancemailsec,4,257585
core.chargeable.exchange,2,257587
core.chargeable.advancemailsec,2,257589
core.chargeable.encrygateway,15,257604
core.chargeable.exchange,15,257619
core.chargeable.advancemailsec,15,257634
core.chargeable.exchange,21,257655
core.chargeable.archivemailbox,21,257676
core.chargeable.advancemailsec,21,257697
core.chargeable.encrygateway,14,257711
core.chargeable.exchange,14,257725
core.chargeable.advancemailsec,14,257739
core.chargeable.exchange,1,257740
core.chargeable.advancemailsec,1,257741
core.chargeable.exchange,5,257746
core.chargeable.advancemailsec,5,257751
core.chargeable.exchange,26,257777
core.chargeable.archivemailbox,26,257803
core.chargeable.advancemailsec,26,257829
core.chargeable.exchange,42,257871
core.chargeable.archivemailbox,42,257913
core.chargeable.advancemailsec,42,257955
core.chargeable.exchange,15,257970
core.chargeable.advancemailsec,15,257985
core.chargeable.exchange,24,258009
core.chargeable.archivemailbox,24,258033
core.chargeable.advancemailsec,24,258057
core.chargeable.exchange,8,258065
core.chargeable.advancemailsec,8,258073
core.chargeable.exchange,12,258085
core.chargeable.advancemailsec,12,258097
core.chargeable.exchange,1,258098
core.chargeable.advancemailsec,1,258099
core.chargeable.exchange,4,258103
core.chargeable.advancemailsec,4,258107
core.chargeable.exchange,2,258109
core.chargeable.advancemailsec,2,258111
core.chargeable.exchange,9,258120
core.chargeable.advancemailsec,9,258129
core.chargeable.exchange,1,258130
core.chargeable.archivemailbox,1,258131
core.chargeable.advancemailsec,1,258132
core.chargeable.exchange,9,258141
core.chargeable.advancemailsec,9,258150
core.chargeable.exchange,10,258160
core.chargeable.advancemailsec,10,258170
core.chargeable.exchange,8,258178
core.chargeable.advancemailsec,8,258186
core.chargeable.exchange,4,258190
core.chargeable.advancemailsec,4,258194
core.chargeable.exchange,22,258216
core.chargeable.advancemailsec,22,258238
core.chargeable.exchange,1,258239
core.chargeable.advancemailsec,1,258240
core.chargeable.exchange,2,258242
core.chargeable.advancemailsec,2,258244
core.chargeable.exchange,9,258253
core.chargeable.advancemailsec,9,258262
core.chargeable.exchange,24,258286
core.chargeable.advancemailsec,24,258310
core.chargeable.exchange,6,258316
core.chargeable.archivemailbox,6,258322
core.chargeable.advancemailsec,6,258328
core.chargeable.encrygateway,11,258339
core.chargeable.exchange,11,258350
core.chargeable.advancemailsec,11,258361
core.chargeable.exchange,21,258382
core.chargeable.advancemailsec,21,258403
core.chargeable.encrygateway,15,258418
core.chargeable.exchange,15,258433
core.chargeable.advancemailsec,15,258448
core.chargeable.exchange,1,258449
core.chargeable.advancemailsec,1,258450
core.chargeable.exchange,1,258451
core.chargeable.advancemailsec,1,258452
core.chargeable.exchange,140,258592
core.chargeable.archivemailbox,140,258732
core.chargeable.advancemailsec,140,258872
core.chargeable.exchange,5,258877
core.chargeable.advancemailsec,5,258882
core.chargeable.exchange,7,258889
core.chargeable.advancemailsec,7,258896
core.chargeable.exchange,1,258897
core.chargeable.advancemailsec,1,258898
core.chargeable.exchange,1,258899
core.chargeable.advancemailsec,1,258900
core.chargeable.exchange,1,258901
core.chargeable.advancemailsec,1,258902
core.chargeable.exchange,4,258906
core.chargeable.advancemailsec,4,258910
core.chargeable.exchange,2,258912
core.chargeable.advancemailsec,2,258914
core.chargeable.exchange,1,258915
core.chargeable.advancemailsec,1,258916
core.chargeable.owa,1,258917
core.chargeable.activesync,1,258918
core.chargeable.advancemailsec,1,258919
core.chargeable.exchange,1,258920
core.chargeable.advancemailsec,1,258921
core.chargeable.encrygateway,15,258936
core.chargeable.exchange,15,258951
core.chargeable.advancemailsec,15,258966
core.chargeable.exchange,1,258967
core.chargeable.advancemailsec,1,258968
core.chargeable.exchange,3,258971
core.chargeable.advancemailsec,3,258974
core.chargeable.encrygateway,13,258987
core.chargeable.exchange,13,259000
core.chargeable.advancemailsec,13,259013
core.chargeable.exchange,1,259014
core.chargeable.archivemailbox,1,259015
core.chargeable.advancemailsec,1,259016
core.chargeable.exchange,7,259023
core.chargeable.advancemailsec,7,259030
core.chargeable.exchange,1,259031
core.chargeable.advancemailsec,1,259032
core.chargeable.exchange,1,259033
core.chargeable.advancemailsec,1,259034
core.chargeable.exchange,1,259035
core.chargeable.advancemailsec,1,259036
core.chargeable.exchange,1,259037
core.chargeable.advancemailsec,1,259038
core.chargeable.exchange,9,259047
core.chargeable.advancemailsec,9,259056
core.chargeable.exchange,4,259060
core.chargeable.advancemailsec,4,259064
core.chargeable.exchange,17,259081
core.chargeable.advancemailsec,17,259098
core.chargeable.exchange,4,259102
core.chargeable.advancemailsec,4,259106
core.chargeable.exchange,15,259121
core.chargeable.advancemailsec,15,259136
core.chargeable.exchange,7,259143
core.chargeable.advancemailsec,7,259150
core.chargeable.exchange,12,259162
core.chargeable.advancemailsec,12,259174
core.chargeable.exchange,4,259178
core.chargeable.advancemailsec,4,259182
core.chargeable.exchange,8,259190
core.chargeable.advancemailsec,8,259198
core.chargeable.exchange,1,259199
core.chargeable.advancemailsec,1,259200
core.chargeable.exchange,1,259201
core.chargeable.advancemailsec,1,259202
core.chargeable.exchange,1,259203
core.chargeable.advancemailsec,1,259204
core.chargeable.exchange,1,259205
core.chargeable.advancemailsec,1,259206
core.chargeable.exchange,1,259207
core.chargeable.sharesync2gbuser,1,259208
core.chargeable.advancemailsec,1,259209
core.chargeable.exchange,1,259210
core.chargeable.advancemailsec,1,259211
core.chargeable.exchange,1,259212
core.chargeable.advancemailsec,1,259213
core.chargeable.exchange,1,259214
core.chargeable.advancemailsec,1,259215
core.chargeable.exchange,2,259217
core.chargeable.advancemailsec,2,259219
core.chargeable.encrygateway,4,259223
core.chargeable.exchange,4,259227
core.chargeable.sp1gb,1,259228
core.chargeable.advancemailsec,4,259232
core.chargeable.exchange,6,259238
core.chargeable.sp1gb,1,259239
core.chargeable.advancemailsec,6,259245
core.chargeable.exchange,1,259246
core.chargeable.advancemailsec,1,259247
core.chargeable.exchange,1,259248
core.chargeable.advancemailsec,1,259249
core.chargeable.exchange,6,259255
core.chargeable.advancemailsec,6,259261
core.chargeable.exchange,1,259262
core.chargeable.advancemailsec,1,259263
core.chargeable.exchange,1,259264
core.chargeable.advancemailsec,1,259265
core.chargeable.exchange,2,259267
core.chargeable.advancemailsec,2,259269
core.chargeable.exchange,1,259270
core.chargeable.advancemailsec,1,259271
core.chargeable.exchange,1,259272
core.chargeable.advancemailsec,1,259273
core.chargeable.exchange,1,259274
core.chargeable.advancemailsec,1,259275
core.chargeable.exchange,2,259277
core.chargeable.advancemailsec,2,259279
core.chargeable.exchange,1,259280
core.chargeable.advancemailsec,1,259281
core.chargeable.exchange,1,259282
core.chargeable.advancemailsec,1,259283
core.chargeable.exchange,1,259284
core.chargeable.advancemailsec,1,259285
core.chargeable.exchange,1,259286
core.chargeable.advancemailsec,1,259287
core.chargeable.exchange,1,259288
core.chargeable.advancemailsec,1,259289
core.chargeable.exchange,1,259290
core.chargeable.advancemailsec,1,259291
core.chargeable.exchange,1,259292
core.chargeable.advancemailsec,1,259293
core.chargeable.exchange,21,259314
core.chargeable.archivemailbox,21,259335
core.chargeable.advancemailsec,21,259356
core.chargeable.exchange,2,259358
core.chargeable.advancemailsec,2,259360
core.chargeable.exchange,3,259363
core.chargeable.advancemailsec,3,259366
core.chargeable.exchange,4,259370
core.chargeable.advancemailsec,4,259374
core.chargeable.owa,1,259375
core.chargeable.advancemailsec,1,259376
core.chargeable.exchange,1,259377
core.chargeable.advancemailsec,1,259378
core.chargeable.encrymsg,1,259379
core.chargeable.outlook,1,259380
core.chargeable.exchange,1,259381
core.chargeable.advancemailsec,1,259382
core.chargeable.exchange,2,259384
core.chargeable.advancemailsec,2,259386
core.chargeable.exchange,1,259387
core.chargeable.advancemailsec,1,259388
core.chargeable.exchange,1,259389
core.chargeable.advancemailsec,1,259390
core.chargeable.exchange,1,259391
core.chargeable.advancemailsec,1,259392
core.chargeable.exchange,1,259393
core.chargeable.advancemailsec,1,259394
core.chargeable.exchange,2,259396
core.chargeable.advancemailsec,2,259398
core.chargeable.exchange,6,259404
core.chargeable.advancemailsec,6,259410
core.chargeable.exchange,1,259411
core.chargeable.sp1gb,1,259412
core.chargeable.advancemailsec,1,259413
core.chargeable.exchange,1,259414
core.chargeable.sp1gb,1,259415
core.chargeable.advancemailsec,1,259416
core.chargeable.exchange,3,259419
core.chargeable.sp1gb,1,259420
core.chargeable.advancemailsec,3,259423
core.chargeable.exchange,1,259424
core.chargeable.sp1gb,1,259425
core.chargeable.advancemailsec,1,259426
core.chargeable.exchange,1,259427
core.chargeable.sp1gb,1,259428
core.chargeable.advancemailsec,1,259429
core.chargeable.exchange,1,259430
core.chargeable.sp1gb,1,259431
core.chargeable.advancemailsec,1,259432
core.chargeable.exchange,1,259433
core.chargeable.sp1gb,1,259434
core.chargeable.advancemailsec,1,259435
core.chargeable.exchange,12,259447
core.chargeable.sp1gb,1,259448
core.chargeable.advancemailsec,12,259460
core.chargeable.exchange,1,259461
core.chargeable.sp1gb,1,259462
core.chargeable.advancemailsec,1,259463
core.chargeable.exchange,1,259464
core.chargeable.sp1gb,1,259465
core.chargeable.advancemailsec,1,259466
core.chargeable.exchange,2,259468
core.chargeable.sp1gb,1,259469
core.chargeable.advancemailsec,2,259471
core.chargeable.exchange,36,259507
core.chargeable.sp1gb,1,259508
core.chargeable.advancemailsec,36,259544
core.chargeable.exchange,1,259545
core.chargeable.sp1gb,1,259546
core.chargeable.advancemailsec,1,259547
core.chargeable.exchange,1,259548
core.chargeable.sp1gb,1,259549
core.chargeable.advancemailsec,1,259550
core.chargeable.exchange,1,259551
core.chargeable.sp1gb,1,259552
core.chargeable.advancemailsec,1,259553
core.chargeable.exchange,2,259555
core.chargeable.sp1gb,1,259556
core.chargeable.advancemailsec,2,259558
core.chargeable.exchange,1,259559
core.chargeable.sp1gb,1,259560
core.chargeable.advancemailsec,1,259561
core.chargeable.exchange,12,259573
core.chargeable.sp1gb,1,259574
core.chargeable.advancemailsec,12,259586
core.chargeable.exchange,3,259589
core.chargeable.sp1gb,1,259590
core.chargeable.advancemailsec,3,259593
core.chargeable.exchange,1,259594
core.chargeable.sp1gb,1,259595
core.chargeable.advancemailsec,1,259596
core.chargeable.exchange,1,259597
core.chargeable.sp1gb,1,259598
core.chargeable.advancemailsec,1,259599
core.chargeable.exchange,2,259601
core.chargeable.sp1gb,1,259602
core.chargeable.advancemailsec,2,259604
core.chargeable.exchange,14,259618
core.chargeable.sp1gb,1,259619
core.chargeable.advancemailsec,14,259633
core.chargeable.exchange,1,259634
core.chargeable.sp1gb,1,259635
core.chargeable.advancemailsec,1,259636
core.chargeable.exchange,1,259637
core.chargeable.sp1gb,1,259638
core.chargeable.advancemailsec,1,259639
core.chargeable.exchange,2,259641
core.chargeable.sp1gb,1,259642
core.chargeable.advancemailsec,2,259644
core.chargeable.exchange,1,259645
core.chargeable.advancemailsec,1,259646
core.chargeable.exchange,1,259647
core.chargeable.advancemailsec,1,259648
core.chargeable.exchange,2,259650
core.chargeable.advancemailsec,2,259652
core.chargeable.exchange,2,259654
core.chargeable.sp1gb,1,259655
core.chargeable.advancemailsec,2,259657
core.chargeable.exchange,2,259659
core.chargeable.sp1gb,1,259660
core.chargeable.advancemailsec,2,259662
core.chargeable.exchange,1,259663
core.chargeable.sp1gb,1,259664
core.chargeable.advancemailsec,1,259665
core.chargeable.exchange,1,259666
core.chargeable.sp1gb,1,259667
core.chargeable.advancemailsec,1,259668
core.chargeable.exchange,3,259671
core.chargeable.sp1gb,1,259672
core.chargeable.advancemailsec,3,259675
core.chargeable.exchange,3,259678
core.chargeable.sp1gb,1,259679
core.chargeable.advancemailsec,3,259682
core.chargeable.exchange,1,259683
core.chargeable.sp1gb,1,259684
core.chargeable.advancemailsec,1,259685
core.chargeable.outlook,1,259686
core.chargeable.exchange,1,259687
core.chargeable.advancemailsec,1,259688
core.chargeable.exchange,1,259689
core.chargeable.advancemailsec,1,259690
core.chargeable.exchange,1,259691
core.chargeable.advancemailsec,1,259692
core.chargeable.exchange,1,259693
core.chargeable.advancemailsec,1,259694
core.chargeable.exchange,1,259695
core.chargeable.advancemailsec,1,259696
core.chargeable.exchange,1,259697
core.chargeable.advancemailsec,1,259698
core.chargeable.exchange,1,259699
core.chargeable.advancemailsec,1,259700
core.chargeable.exchange,1,259701
core.chargeable.advancemailsec,1,259702
core.chargeable.exchange,1,259703
core.chargeable.advancemailsec,1,259704
core.chargeable.exchange,6,259710
core.chargeable.advancemailsec,6,259716
core.chargeable.exchange,1,259717
core.chargeable.advancemailsec,1,259718
core.chargeable.exchange,1,259719
core.chargeable.advancemailsec,1,259720
core.chargeable.exchange,1,259721
core.chargeable.advancemailsec,1,259722
core.chargeable.exchange,6,259728
core.chargeable.advancemailsec,6,259734
core.chargeable.exchange,1,259735
core.chargeable.advancemailsec,1,259736
core.chargeable.exchange,5,259741
core.chargeable.advancemailsec,5,259746
core.chargeable.exchange,9,259755
core.chargeable.advancemailsec,9,259764
core.chargeable.exchange,1,259765
core.chargeable.advancemailsec,1,259766
core.chargeable.exchange,1,259767
core.chargeable.advancemailsec,1,259768
core.chargeable.exchange,7,259775
core.chargeable.sp1gb,1,259776
core.chargeable.advancemailsec,7,259783
core.chargeable.exchange,1,259784
core.chargeable.sp1gb,1,259785
core.chargeable.advancemailsec,1,259786
core.chargeable.exchange,1,259787
core.chargeable.sp1gb,1,259788
core.chargeable.advancemailsec,1,259789
core.chargeable.exchange,1,259790
core.chargeable.sp1gb,1,259791
core.chargeable.advancemailsec,1,259792
core.chargeable.exchange,1,259793
core.chargeable.sp1gb,1,259794
core.chargeable.advancemailsec,1,259795
core.chargeable.exchange,3,259798
core.chargeable.sp1gb,1,259799
core.chargeable.advancemailsec,3,259802
core.chargeable.exchange,1,259803
core.chargeable.sp1gb,1,259804
core.chargeable.advancemailsec,1,259805
core.chargeable.exchange,1,259806
core.chargeable.sp1gb,1,259807
core.chargeable.advancemailsec,1,259808
core.chargeable.exchange,2,259810
core.chargeable.sp1gb,1,259811
core.chargeable.advancemailsec,2,259813
core.chargeable.exchange,6,259819
core.chargeable.sp1gb,1,259820
core.chargeable.advancemailsec,6,259826
core.chargeable.exchange,1,259827
core.chargeable.sp1gb,1,259828
core.chargeable.advancemailsec,1,259829
core.chargeable.exchange,4,259833
core.chargeable.sp1gb,1,259834
core.chargeable.advancemailsec,4,259838
core.chargeable.exchange,5,259843
core.chargeable.sp1gb,1,259844
core.chargeable.advancemailsec,5,259849
core.chargeable.exchange,1,259850
core.chargeable.sp1gb,1,259851
core.chargeable.advancemailsec,1,259852
core.chargeable.exchange,1,259853
core.chargeable.sp1gb,1,259854
core.chargeable.advancemailsec,1,259855
core.chargeable.exchange,1,259856
core.chargeable.advancemailsec,1,259857
core.chargeable.exchange,7,259864
core.chargeable.advancemailsec,7,259871
core.chargeable.exchange,1,259872
core.chargeable.advancemailsec,1,259873
core.chargeable.exchange,1,259874
core.chargeable.sp1gb,1,259875
core.chargeable.advancemailsec,1,259876
core.chargeable.exchange,1,259877
core.chargeable.sp1gb,1,259878
core.chargeable.advancemailsec,1,259879
core.chargeable.exchange,1,259880
core.chargeable.sp1gb,1,259881
core.chargeable.advancemailsec,1,259882
core.chargeable.exchange,1,259883
core.chargeable.sp1gb,1,259884
core.chargeable.advancemailsec,1,259885
core.chargeable.exchange,7,259892
core.chargeable.sp1gb,1,259893
core.chargeable.advancemailsec,7,259900
core.chargeable.encrygateway,5,259905
core.chargeable.exchange,5,259910
core.chargeable.sp1gb,1,259911
core.chargeable.advancemailsec,5,259916
core.chargeable.exchange,3,259919
core.chargeable.advancemailsec,3,259922
core.chargeable.exchange,1,259923
core.chargeable.advancemailsec,1,259924
core.chargeable.exchange,17,259941
core.chargeable.advancemailsec,17,259958
core.chargeable.exchange,1,259959
core.chargeable.advancemailsec,1,259960
core.chargeable.exchange,2,259962
core.chargeable.advancemailsec,2,259964
core.chargeable.exchange,7,259971
core.chargeable.advancemailsec,7,259978
core.chargeable.exchange,1,259979
core.chargeable.advancemailsec,1,259980
core.chargeable.exchange,1,259981
core.chargeable.advancemailsec,1,259982
core.chargeable.exchange,3,259985
core.chargeable.advancemailsec,3,259988
core.chargeable.exchange,3,259991
core.chargeable.advancemailsec,3,259994
core.chargeable.exchange,1,259995
core.chargeable.advancemailsec,1,259996
core.chargeable.exchange,3,259999
core.chargeable.advancemailsec,3,260002
core.chargeable.exchange,1,260003
core.chargeable.advancemailsec,1,260004
core.chargeable.exchange,7,260011
core.chargeable.advancemailsec,7,260018
core.chargeable.exchange,2,260020
core.chargeable.advancemailsec,2,260022
core.chargeable.exchange,1,260023
core.chargeable.advancemailsec,1,260024
core.chargeable.exchange,10,260034
core.chargeable.advancemailsec,10,260044
core.chargeable.exchange,1,260045
core.chargeable.advancemailsec,1,260046
core.chargeable.exchange,1,260047
core.chargeable.advancemailsec,1,260048
core.chargeable.exchange,1,260049
core.chargeable.advancemailsec,1,260050
core.chargeable.exchange,1,260051
core.chargeable.advancemailsec,1,260052
core.chargeable.exchange,3,260055
core.chargeable.advancemailsec,3,260058
core.chargeable.exchange,1,260059
core.chargeable.advancemailsec,1,260060
core.chargeable.exchange,2,260062
core.chargeable.advancemailsec,2,260064
core.chargeable.exchange,2,260066
core.chargeable.advancemailsec,2,260068
core.chargeable.exchange,6,260074
core.chargeable.advancemailsec,6,260080
core.chargeable.exchange,1,260081
core.chargeable.advancemailsec,1,260082
core.chargeable.encrygateway,2,260084
core.chargeable.exchange,2,260086
core.chargeable.advancemailsec,2,260088
core.chargeable.exchange,10,260098
core.chargeable.advancemailsec,10,260108
core.chargeable.exchange,2,260110
core.chargeable.advancemailsec,2,260112
core.chargeable.exchange,9,260121
core.chargeable.advancemailsec,9,260130
core.chargeable.exchange,3,260133
core.chargeable.advancemailsec,3,260136
core.chargeable.exchange,3,260139
core.chargeable.advancemailsec,3,260142
core.chargeable.exchange,4,260146
core.chargeable.advancemailsec,4,260150
core.chargeable.exchange,1,260151
core.chargeable.advancemailsec,1,260152
core.chargeable.exchange,1,260153
core.chargeable.advancemailsec,1,260154
core.chargeable.exchange,1,260155
core.chargeable.advancemailsec,1,260156
core.chargeable.exchange,59,260215
core.chargeable.advancemailsec,59,260274
core.chargeable.exchange,2,260276
core.chargeable.advancemailsec,2,260278
core.chargeable.exchange,7,260285
core.chargeable.advancemailsec,7,260292
core.chargeable.exchange,1,260293
core.chargeable.advancemailsec,1,260294
core.chargeable.addowaspace,8000,268294
core.chargeable.owa,1,268295
core.chargeable.activesync,1,268296
core.chargeable.advancemailsec,1,268297
core.chargeable.exchange,9,268306
core.chargeable.advancemailsec,9,268315
core.chargeable.exchange,2,268317
core.chargeable.advancemailsec,2,268319
core.chargeable.encrygateway,1,268320
core.chargeable.exchange,1,268321
core.chargeable.advancemailsec,1,268322
core.chargeable.exchange,5,268327
core.chargeable.advancemailsec,5,268332
core.chargeable.exchange,3,268335
core.chargeable.advancemailsec,3,268338
core.chargeable.exchange,1,268339
core.chargeable.advancemailsec,1,268340
core.chargeable.exchange,1,268341
core.chargeable.advancemailsec,1,268342
core.chargeable.exchange,2,268344
core.chargeable.advancemailsec,2,268346
core.chargeable.exchange,8,268354
core.chargeable.resource,1,268355
core.chargeable.advancemailsec,8,268363
core.chargeable.exchange,1,268364
core.chargeable.advancemailsec,1,268365
core.chargeable.exchange,1,268366
core.chargeable.advancemailsec,1,268367
core.chargeable.exchange,8,268375
core.chargeable.advancemailsec,8,268383
core.chargeable.exchange,2,268385
core.chargeable.advancemailsec,2,268387
core.chargeable.exchange,8,268395
core.chargeable.advancemailsec,8,268403
core.chargeable.exchange,1,268404
core.chargeable.advancemailsec,1,268405
core.chargeable.exchange,1,268406
core.chargeable.advancemailsec,1,268407
core.chargeable.exchange,6,268413
core.chargeable.advancemailsec,6,268419
core.chargeable.exchange,1,268420
core.chargeable.advancemailsec,1,268421
core.chargeable.exchange,12,268433
core.chargeable.advancemailsec,12,268445
core.chargeable.exchange,1,268446
core.chargeable.advancemailsec,1,268447
core.chargeable.exchange,1,268448
core.chargeable.advancemailsec,1,268449
core.chargeable.exchange,2,268451
core.chargeable.archivemailbox,2,268453
core.chargeable.advancemailsec,2,268455
core.chargeable.exchange,4,268459
core.chargeable.advancemailsec,4,268463
core.chargeable.exchange,1,268464
core.chargeable.advancemailsec,1,268465
core.chargeable.exchange,1,268466
core.chargeable.advancemailsec,1,268467
core.chargeable.exchange,1,268468
core.chargeable.advancemailsec,1,268469
core.chargeable.exchange,1,268470
core.chargeable.advancemailsec,1,268471
core.chargeable.exchange,1,268472
core.chargeable.owa,1,268473
core.chargeable.activesync,1,268474
core.chargeable.advancemailsec,2,268476
core.chargeable.exchange,2,268478
core.chargeable.archivemailbox,2,268480
core.chargeable.advancemailsec,2,268482
core.chargeable.exchange,22,268504
core.chargeable.advancemailsec,22,268526
core.chargeable.exchange,5,268531
core.chargeable.advancemailsec,5,268536
core.chargeable.exchange,3,268539
core.chargeable.advancemailsec,3,268542
core.chargeable.exchange,1,268543
core.chargeable.advancemailsec,1,268544
core.chargeable.exchange,1,268545
core.chargeable.advancemailsec,1,268546
core.chargeable.exchange,3,268549
core.chargeable.advancemailsec,3,268552
core.chargeable.exchange,14,268566
core.chargeable.sp1gb,1,268567
core.chargeable.advancemailsec,14,268581
core.chargeable.exchange,20,268601
core.chargeable.sp1gb,1,268602
core.chargeable.advancemailsec,20,268622
core.chargeable.encrygateway,61,268683
core.chargeable.exchange,61,268744
core.chargeable.resource,3,268747
core.chargeable.sp1gb,1,268748
core.chargeable.advancemailsec,61,268809
core.chargeable.exchange,1,268810
core.chargeable.sp1gb,1,268811
core.chargeable.advancemailsec,1,268812
core.chargeable.exchange,4,268816
core.chargeable.sp1gb,1,268817
core.chargeable.advancemailsec,4,268821
core.chargeable.exchange,1,268822
core.chargeable.advancemailsec,1,268823
core.chargeable.exchange,1,268824
core.chargeable.advancemailsec,1,268825
core.chargeable.exchange,5,268830
core.chargeable.advancemailsec,5,268835
core.chargeable.exchange,1,268836
core.chargeable.advancemailsec,1,268837
core.chargeable.exchange,1,268838
core.chargeable.advancemailsec,1,268839
core.chargeable.exchange,12,268851
core.chargeable.advancemailsec,12,268863
core.chargeable.exchange,10,268873
core.chargeable.advancemailsec,10,268883
core.chargeable.encrygateway,5,268888
core.chargeable.exchange,5,268893
core.chargeable.advancemailsec,5,268898
core.chargeable.exchange,2,268900
core.chargeable.advancemailsec,2,268902
